uuid: 927fe135-449c-4798-9898-2a60a250dece
timestamps:
  login: 1532122363007
  lastteleport: 1532126729501
  logout: 1532126906099
ipAddress: 213.157.159.152
lastlocation:
  world: world
  x: 552.3711951389961
  y: 93.39261649067429
  z: -721.7608778222927
  yaw: 184.79944
  pitch: 27.299992
homes:
  home:
    world: world
    x: 118.65340833067278
    y: 63.0
    z: 269.90408505453604
    yaw: -160.80043
    pitch: 29.400026
logoutlocation:
  world: world
  x: 118.15484882169766
  y: 63.0
  z: 271.2836582172758
  yaw: -91.7995
  pitch: 28.5
afk: false
