uuid: 927fe135-449c-4798-9898-2a60a250dece
timestamps:
  login: 1532210488045
  lastteleport: 1532216640188
  logout: 1532216680257
ipAddress: 91.141.1.196
lastlocation:
  world: world
  x: 173.5
  y: 72.0
  z: 267.5
  yaw: -9.299999
  pitch: 18.899998
homes:
  home:
    world: world
    x: 118.65340833067278
    y: 63.0
    z: 269.90408505453604
    yaw: -160.80043
    pitch: 29.400026
logoutlocation:
  world: world
  x: 118.3056888442346
  y: 63.0
  z: 271.2088450806429
  yaw: 261.74976
  pitch: 13.499981
afk: false
