uuid: 927fe135-449c-4798-9898-2a60a250dece
timestamps:
  login: 1532276506498
  lastteleport: 1532281788477
  logout: 1532281954056
ipAddress: 91.141.1.196
lastlocation:
  world: world
  x: 173.5
  y: 72.0
  z: 267.5
  yaw: 0.75
  pitch: 0.9
homes:
  home:
    world: world
    x: 118.65340833067278
    y: 63.0
    z: 269.90408505453604
    yaw: -160.80043
    pitch: 29.400026
logoutlocation:
  world: world
  x: 101.37226529356721
  y: 73.38193106158673
  z: 247.51841385912792
  yaw: 325.49942
  pitch: 23.549997
afk: false
