uuid: ee127ff1-9b3b-4ac9-b280-6d1ec1ca6893
timestamps:
  login: 1523742042989
  lastteleport: 1523746593984
  logout: 1523746846989
ipAddress: 213.55.176.201
lastlocation:
  world: world
  x: 248.0
  y: 78.0
  z: 148.0
  yaw: 0.0
  pitch: 0.10281091
logoutlocation:
  world: world
  x: 169.59886232745117
  y: 85.0
  z: 35.379358266541885
  yaw: -13.964294
  pitch: 19.98575
homes:
  home:
    world: world
    x: 172.86396558344882
    y: 80.0
    z: 26.203008587855738
    yaw: -337.26367
    pitch: 21.733702
