uuid: ab31fcce-49a3-4753-924a-f521165b9d4c
timestamps:
  login: 1533068181449
  lastteleport: 1533065811932
  logout: 1533068213007
ipAddress: 193.154.121.113
lastlocation:
  world: DIM1
  x: 6.21335615758473
  y: 46.994718512998105
  z: -10038.521195872689
  yaw: -38.272827
  pitch: 7.072485
afk: false
logoutlocation:
  world: world
  x: -17.914148222800222
  y: 72.42712263784293
  z: 253.09341830102022
  yaw: -302.05554
  pitch: 12.169176
homes:
  home:
    world: world
    x: -1.4280624842269183
    y: 65.0
    z: 284.50025643309544
    yaw: 269.50156
    pitch: 16.89361
