uuid: ab31fcce-49a3-4753-924a-f521165b9d4c
timestamps:
  login: 1532921524047
  lastteleport: 1532920652651
  logout: 1532921514594
ipAddress: 193.154.121.113
lastlocation:
  world: world
  x: -2.2952288350817374
  y: 65.0
  z: 282.3746912776958
  yaw: -87.19606
  pitch: 4.2782526
afk: false
logoutlocation:
  world: world
  x: -22.540559615409848
  y: 67.37386658913736
  z: 270.8904570378498
  yaw: -6.232971
  pitch: 51.961395
homes:
  home:
    world: world
    x: -27.993052157852663
    y: 64.0
    z: 261.2158155963829
    yaw: 170.77599
    pitch: -0.5915984
