uuid: ab31fcce-49a3-4753-924a-f521165b9d4c
timestamps:
  login: 1532826033179
  lastteleport: 1532827313985
  logout: 1532828594234
ipAddress: 193.154.121.113
lastlocation:
  world: world
  x: 173.01397628966356
  y: 64.0
  z: -73.87243935142742
  yaw: 322.09488
  pitch: -20.999386
afk: false
logoutlocation:
  world: world
  x: 90.51904292109235
  y: 67.69428239341204
  z: 255.19361566444542
  yaw: 179.37541
  pitch: 58.5858
homes:
  home:
    world: world
    x: -27.993052157852663
    y: 64.0
    z: 261.2158155963829
    yaw: 170.77599
    pitch: -0.5915984
