uuid: ab31fcce-49a3-4753-924a-f521165b9d4c
timestamps:
  login: 1534353558036
  lastteleport: 1533289133226
  logout: 1534354650408
ipAddress: 178.189.47.165
lastlocation:
  world: world
  x: 12.118547218539266
  y: 71.0
  z: 319.66482491403167
  yaw: 25.498718
  pitch: 8.224028
afk: false
logoutlocation:
  world: world
  x: 179.92372832303803
  y: 86.1143565706876
  z: 339.7325986049126
  yaw: 121.84305
  pitch: 18.744228
homes:
  home:
    world: world
    x: 10.566768080836743
    y: 70.0
    z: 329.03315024389354
    yaw: 178.98828
    pitch: 4.0840816
