uuid: ab31fcce-49a3-4753-924a-f521165b9d4c
timestamps:
  login: 1532996258775
  lastteleport: 1532989892685
  logout: 1532998139925
ipAddress: 193.154.121.113
lastlocation:
  world: world
  x: -163.63940805412628
  y: 107.38249554211036
  z: 149.18478790296325
  yaw: -110.47961
  pitch: 54.83476
afk: false
logoutlocation:
  world: world
  x: -25.30000001192093
  y: 81.20000004768372
  z: 228.30000001192093
  yaw: -275.00742
  pitch: 47.543537
homes:
  home:
    world: world
    x: -1.4280624842269183
    y: 65.0
    z: 284.50025643309544
    yaw: 269.50156
    pitch: 16.89361
