uuid: ab31fcce-49a3-4753-924a-f521165b9d4c
timestamps:
  login: 1533236285211
  lastteleport: 1533234377278
  logout: 1533238463589
ipAddress: 193.154.121.113
lastlocation:
  world: DIM7
  x: -40.87775063348377
  y: 58.90910895479685
  z: -25.399858688747848
  yaw: -15.857208
  pitch: 10.715095
afk: false
logoutlocation:
  world: world
  x: -162.26331249828965
  y: 73.0939216344151
  z: 380.9906188572429
  yaw: 241.90381
  pitch: 25.869772
homes:
  home:
    world: world
    x: -1.4280624842269183
    y: 65.0
    z: 284.50025643309544
    yaw: 269.50156
    pitch: 16.89361
