uuid: ab31fcce-49a3-4753-924a-f521165b9d4c
timestamps:
  login: 1533289023699
  lastteleport: 1533289133226
  logout: 1533289305154
ipAddress: 193.154.121.113
lastlocation:
  world: world
  x: 12.118547218539266
  y: 71.0
  z: 319.66482491403167
  yaw: 25.498718
  pitch: 8.224028
afk: false
logoutlocation:
  world: world
  x: -35.43787236487405
  y: 91.02385727931191
  z: 212.98203445793055
  yaw: -26.890667
  pitch: -8.628309
homes:
  home:
    world: world
    x: 10.566768080836743
    y: 70.0
    z: 329.03315024389354
    yaw: 178.98828
    pitch: 4.0840816
