uuid: c811ffa1-cfcd-44bf-a87c-64a8a0cc7518
timestamps:
  login: 1527992599498
  logout: 1527992692299
  lastteleport: 1526737452879
ipAddress: 77.118.252.106
logoutlocation:
  world: world
  x: 80.49325496409543
  y: 66.0
  z: 250.50998882253597
  yaw: 336.89484
  pitch: 17.700024
lastlocation:
  world: world
  x: 3.45851260026656
  y: 68.0
  z: 71.54547408580576
  yaw: -176.70038
  pitch: -29.999992
homes:
  home:
    world: iceland
    x: 225.26320277748192
    y: 91.0
    z: 486.4738665696089
    yaw: 19.205566
    pitch: 70.94997
afk: false
