uuid: c811ffa1-cfcd-44bf-a87c-64a8a0cc7518
timestamps:
  login: 1532458653826
  logout: 1532458733194
  lastteleport: 1532458509968
ipAddress: 77.116.189.235
logoutlocation:
  world: DIM1
  x: 348.3198735044637
  y: 119.17870244750824
  z: 514.3433475970293
  yaw: 121.34912
  pitch: 35.399982
lastlocation:
  world: world
  x: 173.5
  y: 72.0
  z: 268.5
  yaw: -45.0
  pitch: 9.450001
homes:
  home:
    world: iceland
    x: 225.26320277748192
    y: 91.0
    z: 486.4738665696089
    yaw: 19.205566
    pitch: 70.94997
afk: false
