uuid: c811ffa1-cfcd-44bf-a87c-64a8a0cc7518
timestamps:
  login: 1532308188231
  logout: 1532310226173
  lastteleport: 1532306276680
ipAddress: 77.116.189.235
logoutlocation:
  world: world
  x: 62.15829060311236
  y: 77.48119542381379
  z: 256.34164189777925
  yaw: 222.74341
  pitch: 39.599945
lastlocation:
  world: world
  x: 74.72267552490129
  y: 73.301367741043
  z: 255.76442680042385
  yaw: 98.55255
  pitch: 0.90000975
homes:
  home:
    world: iceland
    x: 225.26320277748192
    y: 91.0
    z: 486.4738665696089
    yaw: 19.205566
    pitch: 70.94997
afk: false
