uuid: c811ffa1-cfcd-44bf-a87c-64a8a0cc7518
timestamps:
  login: 1523390383541
  logout: 1523390374831
  lastteleport: 1523390258995
ipAddress: 77.118.181.27
logoutlocation:
  world: iceland
  x: 230.23307822064157
  y: 92.0
  z: 486.3987381959479
  yaw: 87.30559
  pitch: 22.499973
lastlocation:
  world: world
  x: 563.2183704066373
  y: 196.6567748943138
  z: -676.1825487027317
  yaw: 25.949707
  pitch: 38.70002
homes:
  home:
    world: iceland
    x: 225.26320277748192
    y: 91.0
    z: 486.4738665696089
    yaw: 19.205566
    pitch: 70.94997
afk: false
