uuid: c811ffa1-cfcd-44bf-a87c-64a8a0cc7518
timestamps:
  login: 1532549399406
  logout: 1532549657405
  lastteleport: 1532549416345
ipAddress: 77.116.189.235
logoutlocation:
  world: world
  x: 80.52776431060799
  y: 96.0
  z: 210.27040053240222
  yaw: 163.64941
  pitch: 25.949978
lastlocation:
  world: DIM1
  x: 348.3198735044637
  y: -106.21496863526919
  z: 514.3433475970293
  yaw: 119.399124
  pitch: 33.899982
homes:
  home:
    world: iceland
    x: 225.26320277748192
    y: 91.0
    z: 486.4738665696089
    yaw: 19.205566
    pitch: 70.94997
afk: false
