uuid: c811ffa1-cfcd-44bf-a87c-64a8a0cc7518
timestamps:
  login: 1528058105160
  logout: 1528051506593
  lastteleport: 1526737452879
ipAddress: 77.118.252.106
logoutlocation:
  world: world
  x: 74.99889701584607
  y: 86.49382137778683
  z: 244.56141770056138
  yaw: 203.69623
  pitch: 60.750023
lastlocation:
  world: world
  x: 3.45851260026656
  y: 68.0
  z: 71.54547408580576
  yaw: -176.70038
  pitch: -29.999992
homes:
  home:
    world: iceland
    x: 225.26320277748192
    y: 91.0
    z: 486.4738665696089
    yaw: 19.205566
    pitch: 70.94997
afk: true
