uuid: c811ffa1-cfcd-44bf-a87c-64a8a0cc7518
timestamps:
  login: 1532037535486
  logout: 1532037621622
  lastteleport: 1532034281810
ipAddress: 77.117.172.47
logoutlocation:
  world: world
  x: 174.47906382465774
  y: 72.5625
  z: 267.9322023444056
  yaw: 114.310234
  pitch: 26.250072
lastlocation:
  world: world
  x: 89.47764675653859
  y: 55.304213417929745
  z: 271.69999998807907
  yaw: 231.29556
  pitch: 22.34991
homes:
  home:
    world: iceland
    x: 225.26320277748192
    y: 91.0
    z: 486.4738665696089
    yaw: 19.205566
    pitch: 70.94997
afk: false
