uuid: c811ffa1-cfcd-44bf-a87c-64a8a0cc7518
timestamps:
  login: 1525639887495
  logout: 1525642647872
  lastteleport: 1525640982940
ipAddress: 178.113.182.187
logoutlocation:
  world: world
  x: 95.30000001192093
  y: 86.0
  z: 174.27823773173344
  yaw: 70.50098
  pitch: 61.95
lastlocation:
  world: iceland
  x: 227.64379936430294
  y: 91.0
  z: 485.575278021526
  yaw: 71.855576
  pitch: 50.699993
homes:
  home:
    world: iceland
    x: 225.26320277748192
    y: 91.0
    z: 486.4738665696089
    yaw: 19.205566
    pitch: 70.94997
afk: false
