uuid: c811ffa1-cfcd-44bf-a87c-64a8a0cc7518
timestamps:
  login: 1523554147226
  logout: 1523559261101
  lastteleport: 1523557876043
ipAddress: 77.118.181.27
logoutlocation:
  world: world
  x: 6.375554925943555
  y: 149.1542744922014
  z: 245.0491684184081
  yaw: -101.10205
  pitch: 42.9
lastlocation:
  world: world
  x: 248.0
  y: 78.0
  z: 148.0
  yaw: 0.15
  pitch: 0.0
homes:
  home:
    world: iceland
    x: 225.26320277748192
    y: 91.0
    z: 486.4738665696089
    yaw: 19.205566
    pitch: 70.94997
afk: false
