uuid: c811ffa1-cfcd-44bf-a87c-64a8a0cc7518
timestamps:
  login: 1521514259376
  logout: 1521514555997
  lastteleport: 1521334749890
ipAddress: 77.118.191.199
logoutlocation:
  world: iceland
  x: 108.30130269896534
  y: 78.0
  z: 511.1683684424582
  yaw: -356.05646
  pitch: 33.599968
lastlocation:
  world: world
  x: 254.32430960224346
  y: 78.0
  z: 149.51835756469256
  yaw: 345.74985
  pitch: 51.89998
homes:
  home:
    world: world
    x: 170.76131597761213
    y: 11.0
    z: 261.35930603463646
    yaw: -271.3518
    pitch: 40.649952
afk: false
