uuid: c811ffa1-cfcd-44bf-a87c-64a8a0cc7518
timestamps:
  login: 1523743239476
  logout: 1523743077137
  lastteleport: 1523743449173
ipAddress: 77.118.181.27
logoutlocation:
  world: world
  x: 165.30000001192093
  y: 80.0
  z: 20.683095280287912
  yaw: -109.25275
  pitch: 72.29999
lastlocation:
  world: world
  x: 157.30000001192093
  y: 85.0
  z: 34.30000001192091
  yaw: -176.76678
  pitch: -0.6001534
homes:
  home:
    world: iceland
    x: 225.26320277748192
    y: 91.0
    z: 486.4738665696089
    yaw: 19.205566
    pitch: 70.94997
afk: true
