uuid: c811ffa1-cfcd-44bf-a87c-64a8a0cc7518
timestamps:
  login: 1532612788298
  logout: 1532613060294
  lastteleport: 1532612997174
ipAddress: 77.116.189.235
logoutlocation:
  world: world
  x: 254.7939379680084
  y: 78.0
  z: 149.67941180503752
  yaw: 21.450052
  pitch: 20.849998
lastlocation:
  world: world
  x: 242.20579974315422
  y: 67.0
  z: -655.9566865451818
  yaw: 70.0499
  pitch: 15.450013
homes:
  home:
    world: iceland
    x: 225.26320277748192
    y: 91.0
    z: 486.4738665696089
    yaw: 19.205566
    pitch: 70.94997
afk: false
