uuid: c811ffa1-cfcd-44bf-a87c-64a8a0cc7518
timestamps:
  login: 1524156967256
  logout: 1524165595268
  lastteleport: 1524158750162
ipAddress: 77.118.175.129
logoutlocation:
  world: iceland
  x: 192.69999998807907
  y: 84.0
  z: 493.8937832834747
  yaw: -91.4895
  pitch: 17.249866
lastlocation:
  world: world
  x: 21.41043516285503
  y: 66.0
  z: 277.47429270091214
  yaw: 29.700256
  pitch: 19.500038
homes:
  home:
    world: iceland
    x: 225.26320277748192
    y: 91.0
    z: 486.4738665696089
    yaw: 19.205566
    pitch: 70.94997
afk: false
