uuid: c811ffa1-cfcd-44bf-a87c-64a8a0cc7518
timestamps:
  login: 1534882713728
  logout: 1534885093839
  lastteleport: 1532612997174
ipAddress: 178.113.143.182
logoutlocation:
  world: world
  x: 44.23481495758667
  y: 95.05177804790168
  z: 180.04473692381268
  yaw: -63.59497
  pitch: 85.95
lastlocation:
  world: world
  x: 242.20579974315422
  y: 67.0
  z: -655.9566865451818
  yaw: 70.0499
  pitch: 15.450013
homes:
  home:
    world: iceland
    x: 225.26320277748192
    y: 91.0
    z: 486.4738665696089
    yaw: 19.205566
    pitch: 70.94997
afk: false
