uuid: c811ffa1-cfcd-44bf-a87c-64a8a0cc7518
timestamps:
  login: 1539881930424
  logout: 1539882028667
  lastteleport: 1532612997174
ipAddress: 91.141.0.44
logoutlocation:
  world: world
  x: -31.784201305355197
  y: 63.0
  z: 308.9777236517241
  yaw: 131.255
  pitch: 11.850005
lastlocation:
  world: world
  x: 242.20579974315422
  y: 67.0
  z: -655.9566865451818
  yaw: 70.0499
  pitch: 15.450013
homes:
  home:
    world: iceland
    x: 225.26320277748192
    y: 91.0
    z: 486.4738665696089
    yaw: 19.205566
    pitch: 70.94997
afk: false
