uuid: c811ffa1-cfcd-44bf-a87c-64a8a0cc7518
timestamps:
  login: 1532972975837
  logout: 1532973835070
  lastteleport: 1532612997174
ipAddress: 77.116.143.1
logoutlocation:
  world: world
  x: 88.10114214471447
  y: 73.70067295013452
  z: 225.04940985039366
  yaw: 257.40262
  pitch: 77.250015
lastlocation:
  world: world
  x: 242.20579974315422
  y: 67.0
  z: -655.9566865451818
  yaw: 70.0499
  pitch: 15.450013
homes:
  home:
    world: iceland
    x: 225.26320277748192
    y: 91.0
    z: 486.4738665696089
    yaw: 19.205566
    pitch: 70.94997
afk: false
