uuid: c811ffa1-cfcd-44bf-a87c-64a8a0cc7518
timestamps:
  login: 1526735803505
  logout: 1526737454063
  lastteleport: 1526737452879
ipAddress: 178.113.146.158
logoutlocation:
  world: world
  x: 248.5
  y: 78.0
  z: 148.5
  yaw: 1.05
  pitch: 0.15
lastlocation:
  world: world
  x: 3.45851260026656
  y: 68.0
  z: 71.54547408580576
  yaw: -176.70038
  pitch: -29.999992
homes:
  home:
    world: iceland
    x: 225.26320277748192
    y: 91.0
    z: 486.4738665696089
    yaw: 19.205566
    pitch: 70.94997
afk: false
