uuid: c811ffa1-cfcd-44bf-a87c-64a8a0cc7518
timestamps:
  login: 1532218446987
  logout: 1532230546384
  lastteleport: 1532228387941
ipAddress: 77.116.189.235
logoutlocation:
  world: world
  x: 75.57739312331367
  y: 63.0
  z: 265.31170844542726
  yaw: -161.5463
  pitch: 46.950035
lastlocation:
  world: iceland
  x: 225.5472157145229
  y: 89.0
  z: 481.44403548218975
  yaw: 30.605389
  pitch: 34.049995
homes:
  home:
    world: iceland
    x: 225.26320277748192
    y: 91.0
    z: 486.4738665696089
    yaw: 19.205566
    pitch: 70.94997
afk: false
