uuid: c811ffa1-cfcd-44bf-a87c-64a8a0cc7518
timestamps:
  login: 1528662788429
  logout: 1528663845788
  lastteleport: 1528662869783
ipAddress: 178.113.139.238
logoutlocation:
  world: world
  x: 117.0885322429211
  y: 70.58657407747953
  z: 247.08306185160717
  yaw: 260.5423
  pitch: 24.749973
lastlocation:
  world: world
  x: 113.25394043452712
  y: 67.0
  z: 250.26471818149525
  yaw: 263.84976
  pitch: 2.9999726
homes:
  home:
    world: iceland
    x: 225.26320277748192
    y: 91.0
    z: 486.4738665696089
    yaw: 19.205566
    pitch: 70.94997
afk: false
