uuid: f17e8c2c-5381-491b-9b01-f1fa08b711e9
timestamps:
  login: 1535818048829
  lastteleport: 1535815401656
  logout: 1535801927313
ipAddress: 212.60.174.156
lastlocation:
  world: world
  x: 248.0
  y: 81.11482075393185
  z: 148.0
  yaw: 1.077974
  pitch: 0.0
homes:
  home:
    world: world
    x: 23.454586130716518
    y: 63.0
    z: 450.84602217017976
    yaw: 353.54468
    pitch: 21.45014
logoutlocation:
  world: world
  x: 25.118029013568375
  y: 63.0
  z: 461.62330632200445
  yaw: 71.70504
  pitch: 38.25724
afk: true
