uuid: f17e8c2c-5381-491b-9b01-f1fa08b711e9
timestamps:
  login: 1539109022904
  lastteleport: 1539019615702
  logout: 1539113561307
ipAddress: 80.123.3.210
lastlocation:
  world: world
  x: 1128.7077563273087
  y: 51.759007041576965
  z: -232.8944276170714
  yaw: 189.68373
  pitch: 50.479126
homes:
  home:
    world: world
    x: 23.454586130716518
    y: 63.0
    z: 450.84602217017976
    yaw: 353.54468
    pitch: 21.45014
logoutlocation:
  world: world
  x: -13.746893605573819
  y: 14.0
  z: 465.11846564012177
  yaw: -254.25674
  pitch: 1.9654168
afk: false
money: '400.0'
