uuid: f17e8c2c-5381-491b-9b01-f1fa08b711e9
timestamps:
  login: 1535386392387
  lastteleport: 1535347673900
  logout: 1535387773457
ipAddress: 213.157.155.79
lastlocation:
  world: world
  x: -12.28599010411196
  y: 69.94076004713041
  z: 449.2375895639415
  yaw: -71.72785
  pitch: 24.13227
homes:
  home:
    world: world
    x: 23.454586130716518
    y: 63.0
    z: 450.84602217017976
    yaw: 353.54468
    pitch: 21.45014
logoutlocation:
  world: world
  x: 76.53410867038097
  y: 117.20000004768369
  z: 3.4911584529295805
  yaw: -31.232384
  pitch: 58.06269
afk: false
nickname: ConnectionLost
