uuid: f17e8c2c-5381-491b-9b01-f1fa08b711e9
timestamps:
  login: 1538784455371
  lastteleport: 1538757066058
  logout: 1538788257497
ipAddress: 194.118.134.45
lastlocation:
  world: world
  x: -89.93571332445607
  y: 78.79143654775572
  z: 1451.715590157912
  yaw: 187.96912
  pitch: -1.3596084
homes:
  home:
    world: world
    x: 23.454586130716518
    y: 63.0
    z: 450.84602217017976
    yaw: 353.54468
    pitch: 21.45014
logoutlocation:
  world: world
  x: -19.883559629227715
  y: 21.62206846635453
  z: 467.30000001192093
  yaw: -182.44817
  pitch: 51.43168
afk: false
money: '400.0'
