uuid: f17e8c2c-5381-491b-9b01-f1fa08b711e9
timestamps:
  login: 1538338067582
  lastteleport: 1538309768798
  logout: 1538341140487
ipAddress: 212.183.35.173
lastlocation:
  world: world
  x: 56.931066427301616
  y: 77.21116258012228
  z: 1171.4307824431035
  yaw: 299.83804
  pitch: 53.348957
homes:
  home:
    world: world
    x: 23.454586130716518
    y: 63.0
    z: 450.84602217017976
    yaw: 353.54468
    pitch: 21.45014
logoutlocation:
  world: world
  x: -13.026764670149156
  y: 14.0
  z: 464.9365384088213
  yaw: 63.083176
  pitch: 1.6061122
afk: false
money: '400.0'
