uuid: f17e8c2c-5381-491b-9b01-f1fa08b711e9
timestamps:
  login: 1534897831478
  lastteleport: 1534909796334
  logout: 1534892114232
ipAddress: 213.157.155.79
lastlocation:
  world: world
  x: 14.171520231283605
  y: 63.0
  z: 459.11129938101953
  yaw: 110.25097
  pitch: 6.3473325
homes:
  home:
    world: world
    x: 23.454586130716518
    y: 63.0
    z: 450.84602217017976
    yaw: 353.54468
    pitch: 21.45014
logoutlocation:
  world: world
  x: -5.290698153126018
  y: 66.03162993452695
  z: 449.35766818355313
  yaw: 113.79327
  pitch: 35.39751
afk: false
