uuid: f17e8c2c-5381-491b-9b01-f1fa08b711e9
timestamps:
  login: 1534733982954
  lastteleport: 1534735190591
  logout: 1534733838165
ipAddress: 213.157.155.79
lastlocation:
  world: world
  x: 18.822757591480233
  y: 78.4607234985176
  z: 296.46272948954487
  yaw: 32.362946
  pitch: 24.688736
homes:
  home:
    world: world
    x: 23.454586130716518
    y: 63.0
    z: 450.84602217017976
    yaw: 353.54468
    pitch: 21.45014
logoutlocation:
  world: world
  x: 14.408334181819384
  y: 63.0
  z: 448.6177892241316
  yaw: -238.7907
  pitch: -5.7970414
afk: false
