uuid: f17e8c2c-5381-491b-9b01-f1fa08b711e9
timestamps:
  login: 1539037196029
  lastteleport: 1539019615702
  logout: 1539039314516
ipAddress: 194.118.134.45
lastlocation:
  world: world
  x: 1128.7077563273087
  y: 51.759007041576965
  z: -232.8944276170714
  yaw: 189.68373
  pitch: 50.479126
homes:
  home:
    world: world
    x: 23.454586130716518
    y: 63.0
    z: 450.84602217017976
    yaw: 353.54468
    pitch: 21.45014
logoutlocation:
  world: world
  x: -13.994137248142746
  y: 14.0
  z: 466.79608297983594
  yaw: -268.2497
  pitch: 7.0176573
afk: false
money: '400.0'
