uuid: f17e8c2c-5381-491b-9b01-f1fa08b711e9
timestamps:
  login: 1535165627277
  lastteleport: 1535168926014
  logout: 1535165449590
ipAddress: 213.157.155.79
lastlocation:
  world: world
  x: 8.883238960084107
  y: 26.724344671714437
  z: 468.6165049803378
  yaw: 237.1262
  pitch: -28.498991
homes:
  home:
    world: world
    x: 23.454586130716518
    y: 63.0
    z: 450.84602217017976
    yaw: 353.54468
    pitch: 21.45014
logoutlocation:
  world: world
  x: 56.599069727036564
  y: 131.0
  z: 8.43174992940992
  yaw: -91.34741
  pitch: 30.363249
afk: false
nickname: ConnectionLost
