uuid: f17e8c2c-5381-491b-9b01-f1fa08b711e9
timestamps:
  login: 1538925853004
  lastteleport: 1538926695474
  logout: 1538922024752
ipAddress: 194.118.134.45
lastlocation:
  world: DIM-29
  x: -2134.564794671534
  y: 130.33018994613244
  z: 134.34997123910887
  yaw: -226.4398
  pitch: 41.491173
homes:
  home:
    world: world
    x: 23.454586130716518
    y: 63.0
    z: 450.84602217017976
    yaw: 353.54468
    pitch: 21.45014
logoutlocation:
  world: world
  x: -3.997494170781125
  y: 14.0
  z: 463.6670917058742
  yaw: -304.5766
  pitch: 48.67766
afk: false
money: '400.0'
