uuid: f17e8c2c-5381-491b-9b01-f1fa08b711e9
timestamps:
  login: 1534986657062
  lastteleport: 1534990706619
  logout: 1534990865148
ipAddress: 213.157.155.79
lastlocation:
  world: world
  x: 16.51783620060269
  y: 63.0
  z: 454.05080091560586
  yaw: 154.64142
  pitch: 21.450146
homes:
  home:
    world: world
    x: 23.454586130716518
    y: 63.0
    z: 450.84602217017976
    yaw: 353.54468
    pitch: 21.45014
logoutlocation:
  world: DIM1
  x: 55.443144253921915
  y: 69.49534483301063
  z: -10.603051175441507
  yaw: 92.147705
  pitch: 59.09185
afk: false
