uuid: f17e8c2c-5381-491b-9b01-f1fa08b711e9
timestamps:
  login: 1535481608891
  lastteleport: 1535434139764
  logout: 1535469841166
ipAddress: 213.157.155.79
lastlocation:
  world: world
  x: -20.30000001192093
  y: 14.200000047683716
  z: 469.30000001192093
  yaw: -156.71317
  pitch: 75.671684
homes:
  home:
    world: world
    x: 23.454586130716518
    y: 63.0
    z: 450.84602217017976
    yaw: 353.54468
    pitch: 21.45014
logoutlocation:
  world: world
  x: -1.2244729756066952
  y: 24.0
  z: 535.3457040190468
  yaw: 39.469788
  pitch: 7.12817
afk: false
nickname: ConnectionLost
