uuid: f17e8c2c-5381-491b-9b01-f1fa08b711e9
timestamps:
  login: 1540729380932
  lastteleport: 1540213818157
  logout: 1540730516807
ipAddress: 212.183.39.167
lastlocation:
  world: world
  x: 13.56685696776471
  y: 66.04291932762081
  z: 1367.037522028429
  yaw: 176.29437
  pitch: 73.47106
homes:
  home:
    world: world
    x: 23.454586130716518
    y: 63.0
    z: 450.84602217017976
    yaw: 353.54468
    pitch: 21.45014
logoutlocation:
  world: world
  x: -13.713152901023127
  y: 14.0
  z: 467.1946155943287
  yaw: -254.39862
  pitch: 3.4916487
afk: false
money: '400.0'
