uuid: f17e8c2c-5381-491b-9b01-f1fa08b711e9
timestamps:
  login: 1538597361131
  lastteleport: 1538579626233
  logout: 1538608224573
ipAddress: 194.118.134.45
lastlocation:
  world: world
  x: 464.4224696266283
  y: 81.07647124379064
  z: -1714.8844133462057
  yaw: -29.245087
  pitch: 45.034878
homes:
  home:
    world: world
    x: 23.454586130716518
    y: 63.0
    z: 450.84602217017976
    yaw: 353.54468
    pitch: 21.45014
logoutlocation:
  world: world
  x: 17.12572344233636
  y: 64.1
  z: 449.251684089418
  yaw: -48.23378
  pitch: 12.745217
afk: false
money: '400.0'
