uuid: f17e8c2c-5381-491b-9b01-f1fa08b711e9
timestamps:
  login: 1534473178360
  lastteleport: 1534478070130
  logout: 1534473035793
ipAddress: 213.157.159.249
lastlocation:
  world: world
  x: 22.17316335729016
  y: 6.0
  z: 294.45298181618864
  yaw: 223.4838
  pitch: 8.495836
homes:
  home:
    world: world
    x: 21.61424545098051
    y: 63.0
    z: 445.63849439609044
    yaw: 358.94217
    pitch: 6.3367825
logoutlocation:
  world: world
  x: 101.5
  y: 63.0
  z: 261.5
  yaw: 243.90048
  pitch: 22.499962
afk: false
