uuid: f17e8c2c-5381-491b-9b01-f1fa08b711e9
timestamps:
  login: 1536168262381
  lastteleport: 1535983416743
  logout: 1536168303734
ipAddress: 212.60.173.247
lastlocation:
  world: world
  x: 22.5
  y: 70.0
  z: 325.5
  yaw: 198.87971
  pitch: 11.688878
homes:
  home:
    world: world
    x: 23.454586130716518
    y: 63.0
    z: 450.84602217017976
    yaw: 353.54468
    pitch: 21.45014
logoutlocation:
  world: world
  x: -0.7589744563990691
  y: 14.0
  z: 477.34275454085093
  yaw: 319.77716
  pitch: 29.274155
afk: false
money: '400.0'
