uuid: f17e8c2c-5381-491b-9b01-f1fa08b711e9
timestamps:
  login: 1540124473017
  lastteleport: 1540130848030
  logout: 1540073851015
ipAddress: 212.183.39.167
lastlocation:
  world: world
  x: 637.4104998068445
  y: 56.0
  z: 1799.5796296319838
  yaw: -88.80293
  pitch: 46.77256
homes:
  home:
    world: world
    x: 23.454586130716518
    y: 63.0
    z: 450.84602217017976
    yaw: 353.54468
    pitch: 21.45014
logoutlocation:
  world: world
  x: -13.235004601107034
  y: 14.0
  z: 466.37580262781853
  yaw: 85.826546
  pitch: -2.7057648
afk: false
money: '400.0'
