uuid: f17e8c2c-5381-491b-9b01-f1fa08b711e9
timestamps:
  login: 1539435436215
  lastteleport: 1539177353965
  logout: 1539435846047
ipAddress: 80.123.3.210
lastlocation:
  world: DIM-1
  x: -799.0676514759033
  y: 65.23673081561115
  z: 569.1822060881098
  yaw: -323.16406
  pitch: 26.42126
homes:
  home:
    world: world
    x: 23.454586130716518
    y: 63.0
    z: 450.84602217017976
    yaw: 353.54468
    pitch: 21.45014
logoutlocation:
  world: world
  x: -11.613001588602383
  y: 22.97484151982451
  z: 465.55345656885765
  yaw: 84.138214
  pitch: 52.29256
afk: false
money: '400.0'
