uuid: f17e8c2c-5381-491b-9b01-f1fa08b711e9
timestamps:
  login: 1538684043761
  lastteleport: 1538684260573
  logout: 1538694667765
ipAddress: 194.118.134.45
lastlocation:
  world: world
  x: -188.856132583875
  y: 64.41393129375898
  z: 1561.9347560589863
  yaw: -115.96427
  pitch: 63.790997
homes:
  home:
    world: world
    x: 23.454586130716518
    y: 63.0
    z: 450.84602217017976
    yaw: 353.54468
    pitch: 21.45014
logoutlocation:
  world: world
  x: 2.4445873445734385
  y: 48.0
  z: 469.2047240682381
  yaw: 258.55466
  pitch: -7.3553176
afk: false
money: '400.0'
