uuid: f17e8c2c-5381-491b-9b01-f1fa08b711e9
timestamps:
  login: 1534551014176
  lastteleport: 1534564317738
  logout: 1534564676524
ipAddress: 213.157.155.79
lastlocation:
  world: world
  x: 137.8223246186191
  y: 13.003934374703316
  z: 647.6999999880791
  yaw: -250.31871
  pitch: 31.165894
homes:
  home:
    world: world
    x: 23.454586130716518
    y: 63.0
    z: 450.84602217017976
    yaw: 353.54468
    pitch: 21.45014
logoutlocation:
  world: world
  x: 31.699999988079064
  y: 64.0
  z: 455.69953020696994
  yaw: -90.14041
  pitch: 18.211561
afk: false
