uuid: f17e8c2c-5381-491b-9b01-f1fa08b711e9
timestamps:
  login: 1535989381269
  lastteleport: 1535983416743
  logout: 1535989470672
ipAddress: 212.60.174.156
lastlocation:
  world: world
  x: 22.5
  y: 70.0
  z: 325.5
  yaw: 198.87971
  pitch: 11.688878
homes:
  home:
    world: world
    x: 23.454586130716518
    y: 63.0
    z: 450.84602217017976
    yaw: 353.54468
    pitch: 21.45014
logoutlocation:
  world: world
  x: 13.840454400944903
  y: 62.0
  z: 245.37168455610083
  yaw: -222.12778
  pitch: 9.870603
afk: false
money: '400.0'
