uuid: f17e8c2c-5381-491b-9b01-f1fa08b711e9
timestamps:
  login: 1538068995290
  lastteleport: 1538071040916
  logout: 1538071511745
ipAddress: 193.83.191.31
lastlocation:
  world: DIM1
  x: 1068.6670472186393
  y: 95.54985144884846
  z: 469.93425815594793
  yaw: -154.4773
  pitch: 57.97969
homes:
  home:
    world: world
    x: 23.454586130716518
    y: 63.0
    z: 450.84602217017976
    yaw: 353.54468
    pitch: 21.45014
logoutlocation:
  world: world
  x: 40.55606645776321
  y: 68.0
  z: 244.39363339831522
  yaw: 293.2642
  pitch: 9.592411
afk: false
money: '400.0'
