uuid: f17e8c2c-5381-491b-9b01-f1fa08b711e9
timestamps:
  login: 1539791253823
  lastteleport: 1539177353965
  logout: 1539791422514
ipAddress: 88.117.92.93
lastlocation:
  world: DIM-1
  x: -799.0676514759033
  y: 65.23673081561115
  z: 569.1822060881098
  yaw: -323.16406
  pitch: 26.42126
homes:
  home:
    world: world
    x: 23.454586130716518
    y: 63.0
    z: 450.84602217017976
    yaw: 353.54468
    pitch: 21.45014
logoutlocation:
  world: world
  x: -10.079005108057796
  y: 14.0
  z: 429.30000001192093
  yaw: 18.096035
  pitch: 17.775742
afk: false
money: '400.0'
