uuid: f17e8c2c-5381-491b-9b01-f1fa08b711e9
timestamps:
  login: 1534651200375
  lastteleport: 1534649565902
  logout: 1534651184786
ipAddress: 213.157.155.79
lastlocation:
  world: DIM-1
  x: 9.630980440601782
  y: 32.0
  z: 78.85271632050437
  yaw: 35.052216
  pitch: 51.137096
homes:
  home:
    world: world
    x: 23.454586130716518
    y: 63.0
    z: 450.84602217017976
    yaw: 353.54468
    pitch: 21.45014
logoutlocation:
  world: world
  x: 49.34765031522408
  y: 69.0
  z: 424.1854609801325
  yaw: -78.84775
  pitch: 27.387487
afk: false
