uuid: f17e8c2c-5381-491b-9b01-f1fa08b711e9
timestamps:
  login: 1535919125390
  lastteleport: 1535918373076
  logout: 1535922273343
ipAddress: 212.60.174.156
lastlocation:
  world: DIM-1
  x: 10.699999988079071
  y: 32.37489354814052
  z: 79.23298699479955
  yaw: -145.0263
  pitch: 19.631926
homes:
  home:
    world: world
    x: 23.454586130716518
    y: 63.0
    z: 450.84602217017976
    yaw: 353.54468
    pitch: 21.45014
logoutlocation:
  world: world
  x: -27.235906730572765
  y: 68.20976381459458
  z: 446.4729009245459
  yaw: -125.92143
  pitch: 47.24036
afk: false
money: '400.0'
