uuid: f17e8c2c-5381-491b-9b01-f1fa08b711e9
timestamps:
  login: 1539979641295
  lastteleport: 1539177353965
  logout: 1539985076476
ipAddress: 212.183.39.167
lastlocation:
  world: DIM-1
  x: -799.0676514759033
  y: 65.23673081561115
  z: 569.1822060881098
  yaw: -323.16406
  pitch: 26.42126
homes:
  home:
    world: world
    x: 23.454586130716518
    y: 63.0
    z: 450.84602217017976
    yaw: 353.54468
    pitch: 21.45014
logoutlocation:
  world: world
  x: -15.699999988079067
  y: 14.0
  z: 465.53385155061954
  yaw: 76.334335
  pitch: 19.213013
afk: false
money: '400.0'
