uuid: f17e8c2c-5381-491b-9b01-f1fa08b711e9
timestamps:
  login: 1534823493513
  lastteleport: 1534822392118
  logout: 1534823486217
ipAddress: 213.157.155.79
lastlocation:
  world: world
  x: -63.31481827411669
  y: 74.00295699647756
  z: 311.36702048730046
  yaw: 330.67117
  pitch: 26.085978
homes:
  home:
    world: world
    x: 23.454586130716518
    y: 63.0
    z: 450.84602217017976
    yaw: 353.54468
    pitch: 21.45014
logoutlocation:
  world: world
  x: 7.752915420023549
  y: 49.61000004410744
  z: 466.6471358447599
  yaw: 4.619171
  pitch: -2.4811423
afk: true
