uuid: f17e8c2c-5381-491b-9b01-f1fa08b711e9
timestamps:
  login: 1535070265656
  lastteleport: 1535081818284
  logout: 1535065343008
ipAddress: 213.157.155.79
lastlocation:
  world: world
  x: -16.234995503281333
  y: 5.0
  z: 639.43212372289
  yaw: 24.70353
  pitch: 35.85672
homes:
  home:
    world: world
    x: 23.454586130716518
    y: 63.0
    z: 450.84602217017976
    yaw: 353.54468
    pitch: 21.45014
logoutlocation:
  world: world
  x: 31.33980467299824
  y: 63.0
  z: 454.50348691916713
  yaw: 315.6271
  pitch: 7.5873976
afk: true
nickname: Warnung
