uuid: f17e8c2c-5381-491b-9b01-f1fa08b711e9
timestamps:
  login: 1539624334894
  lastteleport: 1539177353965
  logout: 1539623317051
ipAddress: 80.123.3.210
lastlocation:
  world: DIM-1
  x: -799.0676514759033
  y: 65.23673081561115
  z: 569.1822060881098
  yaw: -323.16406
  pitch: 26.42126
homes:
  home:
    world: world
    x: 23.454586130716518
    y: 63.0
    z: 450.84602217017976
    yaw: 353.54468
    pitch: 21.45014
logoutlocation:
  world: world
  x: -12.186437646257785
  y: 18.342867919578644
  z: 534.6999999880791
  yaw: -14.975522
  pitch: 47.599827
afk: true
money: '400.0'
