uuid: f17e8c2c-5381-491b-9b01-f1fa08b711e9
timestamps:
  login: 1538156984980
  lastteleport: 1538161749592
  logout: 1538162646234
ipAddress: 91.115.0.1
lastlocation:
  world: world
  x: 5.5
  y: 5.0
  z: 331.5
  yaw: 281.19345
  pitch: 70.2588
homes:
  home:
    world: world
    x: 23.454586130716518
    y: 63.0
    z: 450.84602217017976
    yaw: 353.54468
    pitch: 21.45014
logoutlocation:
  world: world
  x: 29.467638385978
  y: 95.96056622939038
  z: 422.4541770916521
  yaw: 276.1774
  pitch: 52.630257
afk: false
money: '400.0'
