uuid: f17e8c2c-5381-491b-9b01-f1fa08b711e9
timestamps:
  login: 1538266052134
  lastteleport: 1538264241102
  logout: 1538268276867
ipAddress: 91.115.0.1
lastlocation:
  world: world
  x: 24.482721364268656
  y: 63.20000004768371
  z: 280.30000001192093
  yaw: 31.025095
  pitch: 29.992756
homes:
  home:
    world: world
    x: 23.454586130716518
    y: 63.0
    z: 450.84602217017976
    yaw: 353.54468
    pitch: 21.45014
logoutlocation:
  world: world
  x: 0.6067316725955337
  y: 48.0
  z: 466.4582336541406
  yaw: -124.15933
  pitch: 2.3248293
afk: false
money: '400.0'
