uuid: f17e8c2c-5381-491b-9b01-f1fa08b711e9
timestamps:
  login: 1535341669117
  lastteleport: 1535337737908
  logout: 1535340915478
ipAddress: 213.157.155.79
lastlocation:
  world: world
  x: 52.35252524810064
  y: 128.3025316989051
  z: 167.9500191099096
  yaw: 9.981673
  pitch: 52.82381
homes:
  home:
    world: world
    x: 23.454586130716518
    y: 63.0
    z: 450.84602217017976
    yaw: 353.54468
    pitch: 21.45014
logoutlocation:
  world: world
  x: 14.573137728547671
  y: 74.3327642594074
  z: 278.67020807083173
  yaw: -178.00276
  pitch: 11.459902
afk: false
nickname: ConnectionLost
