uuid: f17e8c2c-5381-491b-9b01-f1fa08b711e9
timestamps:
  login: 1538519606781
  lastteleport: 1538520322008
  logout: 1538521119478
ipAddress: 194.118.134.45
lastlocation:
  world: world
  x: -47.63109415844436
  y: 68.14205877639372
  z: 713.0669316706602
  yaw: -172.38136
  pitch: 24.243599
homes:
  home:
    world: world
    x: 23.454586130716518
    y: 63.0
    z: 450.84602217017976
    yaw: 353.54468
    pitch: 21.45014
logoutlocation:
  world: world
  x: 8.710944048411047
  y: 48.0
  z: 466.2609428727742
  yaw: 170.0591
  pitch: 8.792666
afk: false
money: '400.0'
