uuid: f17e8c2c-5381-491b-9b01-f1fa08b711e9
timestamps:
  login: 1537993442536
  lastteleport: 1537994420371
  logout: 1537994772201
ipAddress: 212.183.33.139
lastlocation:
  world: DIM-1
  x: 17.802549945956727
  y: 33.464502400000015
  z: 47.71886603246547
  yaw: 29.695831
  pitch: -3.4027674
homes:
  home:
    world: world
    x: 23.454586130716518
    y: 63.0
    z: 450.84602217017976
    yaw: 353.54468
    pitch: 21.45014
logoutlocation:
  world: world
  x: 20.44965028418827
  y: 70.48866332981221
  z: 295.85090607607316
  yaw: -114.568054
  pitch: 33.945354
afk: false
money: '400.0'
