uuid: f17e8c2c-5381-491b-9b01-f1fa08b711e9
timestamps:
  login: 1535242095411
  lastteleport: 1535240773659
  logout: 1535251698930
ipAddress: 213.157.155.79
lastlocation:
  world: world
  x: -1384.3064749047326
  y: 106.81581668673758
  z: 3564.694270499405
  yaw: 9.751648
  pitch: 61.730637
homes:
  home:
    world: world
    x: 23.454586130716518
    y: 63.0
    z: 450.84602217017976
    yaw: 353.54468
    pitch: 21.45014
logoutlocation:
  world: world
  x: 7.262005078320371
  y: 48.0
  z: 466.69999998807907
  yaw: 187.2025
  pitch: 1.7066333
afk: false
nickname: ConnectionLost
