uuid: f17e8c2c-5381-491b-9b01-f1fa08b711e9
timestamps:
  login: 1535574123570
  lastteleport: 1535553763189
  logout: 1535578497805
ipAddress: 213.157.155.79
lastlocation:
  world: world
  x: -5.218883999776746
  y: 109.0519722415087
  z: -10.019404669056117
  yaw: -0.1598902
  pitch: 23.26553
homes:
  home:
    world: world
    x: 23.454586130716518
    y: 63.0
    z: 450.84602217017976
    yaw: 353.54468
    pitch: 21.45014
logoutlocation:
  world: world
  x: -19.17969059572506
  y: 21.735497600000006
  z: 464.48730168829206
  yaw: -325.39233
  pitch: 37.333733
afk: false
nickname: zScopen
