uuid: f17e8c2c-5381-491b-9b01-f1fa08b711e9
timestamps:
  login: 1536606223527
  lastteleport: 1535983416743
  logout: 1536606912231
ipAddress: 217.149.160.132
lastlocation:
  world: world
  x: 22.5
  y: 70.0
  z: 325.5
  yaw: 198.87971
  pitch: 11.688878
homes:
  home:
    world: world
    x: 23.454586130716518
    y: 63.0
    z: 450.84602217017976
    yaw: 353.54468
    pitch: 21.45014
logoutlocation:
  world: world
  x: 13.286766280489017
  y: 15.108166396814452
  z: 446.1752057379984
  yaw: 196.52863
  pitch: 21.390638
afk: false
money: '400.0'
