uuid: f17e8c2c-5381-491b-9b01-f1fa08b711e9
timestamps:
  login: 1540070779796
  lastteleport: 1540038150342
  logout: 1540073851015
ipAddress: 212.183.39.167
lastlocation:
  world: world
  x: 61.797225684399876
  y: 17.012410853484077
  z: 518.3026513925727
  yaw: -156.07379
  pitch: 20.650309
homes:
  home:
    world: world
    x: 23.454586130716518
    y: 63.0
    z: 450.84602217017976
    yaw: 353.54468
    pitch: 21.45014
logoutlocation:
  world: world
  x: -13.235004601107034
  y: 14.0
  z: 466.37580262781853
  yaw: 85.826546
  pitch: -2.7057648
afk: false
money: '400.0'
