uuid: 7fac3a97-b9ef-4130-95c4-56f17c787212
timestamps:
  login: 1534610976824
  lastteleport: 1534610291450
  logout: 1534611495664
ipAddress: 178.165.128.232
lastlocation:
  world: world
  x: 248.0
  y: 77.0
  z: 148.0
  yaw: -52.49998
  pitch: 36.449986
homes:
  home:
    world: DIM-28
    x: -181.8035770641785
    y: 63.0
    z: 215.53066885505362
    yaw: -6.006256
    pitch: -0.15002322
afk: false
logoutlocation:
  world: world
  x: 240.39679131692458
  y: 76.0
  z: 125.28240767616148
  yaw: 39.29988
  pitch: 71.24992
