uuid: 462ad0ee-8555-4a6c-a5af-e22fecf03b04
timestamps:
  login: 1523639013893
  logout: 1523647487134
ipAddress: 95.91.219.56
lastlocation:
  world: world
  x: 243.69999998807916
  y: 70.0
  z: 110.69999998807907
  yaw: -247.67181
  pitch: 37.8458
logoutlocation:
  world: world
  x: 82.2940425214189
  y: 50.08734522528371
  z: 177.3892372389669
  yaw: -90.16501
  pitch: 18.362679
