uuid: 462ad0ee-8555-4a6c-a5af-e22fecf03b04
timestamps:
  login: 1524159398178
  logout: 1524162240198
ipAddress: 95.91.219.56
lastlocation:
  world: world
  x: 243.69999998807916
  y: 70.0
  z: 110.69999998807907
  yaw: -247.67181
  pitch: 37.8458
logoutlocation:
  world: world
  x: 76.88090257576198
  y: 55.473541703755735
  z: 179.30780729649098
  yaw: -15.771179
  pitch: 11.031372
