uuid: f0bedee6-a7cf-4698-b037-c5355d93ce39
timestamps:
  login: 1535932165305
  logout: 1535932342538
ipAddress: 188.118.164.120
logoutlocation:
  world: world
  x: 182.31255608637443
  y: 67.0
  z: 267.0669831559653
  yaw: -282.14963
  pitch: 0.4500206
lastlocation:
  world: world
  x: 173.2746393697069
  y: 40.0
  z: 318.69999998807907
  yaw: 204.89911
  pitch: 78.59994
