uuid: f0bedee6-a7cf-4698-b037-c5355d93ce39
timestamps:
  login: 1532305332265
  logout: 1532305399163
ipAddress: 92.252.60.217
logoutlocation:
  world: world
  x: 175.92721092585728
  y: 72.0
  z: 261.99548937749387
  yaw: 124.878654
  pitch: 17.24999
