uuid: 6847ed89-003d-4332-8ec8-ac3ec283b38a
timestamps:
  login: 1535041039939
  lastteleport: 1535042337324
  logout: 1535044231227
ipAddress: 194.166.203.113
lastlocation:
  world: DIM1
  x: -73.97523249084593
  y: 59.0
  z: 41.800743882670055
  yaw: 248.995
  pitch: 44.550217
afk: false
logoutlocation:
  world: iceland
  x: 103.12280451736943
  y: 67.0
  z: 504.0463383381295
  yaw: 12.598267
  pitch: 22.350143
