uuid: 6847ed89-003d-4332-8ec8-ac3ec283b38a
timestamps:
  login: 1534977297937
  lastteleport: 1534974609558
  logout: 1534977415833
ipAddress: 88.117.91.210
lastlocation:
  world: world
  x: 248.0
  y: 77.0
  z: 148.0
  yaw: 4.2000003
  pitch: 6.15
afk: false
logoutlocation:
  world: world
  x: 152.28366735676187
  y: 72.78579545481678
  z: 263.19297379594695
  yaw: 345.47485
  pitch: 26.69994
