uuid: 6847ed89-003d-4332-8ec8-ac3ec283b38a
timestamps:
  login: 1535315521210
  lastteleport: 1535315998020
  logout: 1535316574895
ipAddress: 88.117.94.222
lastlocation:
  world: world
  x: 246.12808745085252
  y: 76.2230550692591
  z: 138.87948143149328
  yaw: 45.75002
  pitch: 9.299988
afk: false
logoutlocation:
  world: world
  x: 45.55245023475767
  y: 73.3622214165603
  z: 263.9108115374307
  yaw: -217.49908
  pitch: 38.249916
