uuid: 6847ed89-003d-4332-8ec8-ac3ec283b38a
timestamps:
  login: 1535379022044
  lastteleport: 1535367719975
  logout: 1535369088340
ipAddress: 212.183.38.211
lastlocation:
  world: world
  x: 248.0
  y: 77.0
  z: 148.0
  yaw: 0.0
  pitch: 0.0
afk: true
logoutlocation:
  world: world
  x: 80.3655533738607
  y: 71.0
  z: 232.06292907337107
  yaw: 8.698351
  pitch: 21.5999
