uuid: b8b856cf-574d-4591-b7ee-b09c70d43080
timestamps:
  login: 1535549587898
  logout: 1535553747413
  lastteleport: 1535551789479
ipAddress: 77.119.130.169
lastlocation:
  world: world
  x: 22.161973924670253
  y: 63.0
  z: 450.1667337493283
  yaw: 185.7001
  pitch: 19.199926
logoutlocation:
  world: world
  x: 12.989955942683492
  y: 67.0
  z: 311.85050708077335
  yaw: 60.147095
  pitch: 5.400012
afk: false
homes:
  home:
    world: world
    x: 62.46129856976121
    y: 134.0
    z: 315.0842927783807
    yaw: 181.6084
    pitch: 33.600014
nickname: DeinHausarzt
