uuid: b8b856cf-574d-4591-b7ee-b09c70d43080
timestamps:
  login: 1534637258860
  logout: 1534641264404
  lastteleport: 1534638728974
ipAddress: 178.165.128.232
lastlocation:
  world: world
  x: 34.41278629454299
  y: 78.85628472739228
  z: 291.72925384355045
  yaw: -212.54958
  pitch: 23.550062
logoutlocation:
  world: world
  x: 62.402156019038706
  y: 138.0
  z: 313.5730570626812
  yaw: -178.64989
  pitch: 16.349981
afk: false
