uuid: b8b856cf-574d-4591-b7ee-b09c70d43080
timestamps:
  login: 1534790328689
  logout: 1534791800142
  lastteleport: 1534790455884
ipAddress: 77.119.129.93
lastlocation:
  world: world
  x: -19.476269455600516
  y: 76.44261582259166
  z: 554.9642229004141
  yaw: -40.948715
  pitch: 30.000044
logoutlocation:
  world: world
  x: 62.17803906464052
  y: 154.0
  z: 325.8222490797779
  yaw: -282.18488
  pitch: 21.449852
afk: false
