uuid: b8b856cf-574d-4591-b7ee-b09c70d43080
timestamps:
  login: 1534878259071
  logout: 1534881259461
  lastteleport: 1534874758408
ipAddress: 178.165.131.124
lastlocation:
  world: world
  x: 61.90217406650711
  y: 138.0
  z: 316.38312465537246
  yaw: 236.21642
  pitch: 15.74997
logoutlocation:
  world: world
  x: 26.127076533058748
  y: 85.85551778084191
  z: 257.5885802123251
  yaw: 21.60804
  pitch: 31.200054
afk: false
