uuid: b8b856cf-574d-4591-b7ee-b09c70d43080
timestamps:
  login: 1534976492121
  logout: 1534977063452
  lastteleport: 1534974716917
ipAddress: 91.141.1.11
lastlocation:
  world: world
  x: 32.63674123908213
  y: 63.0
  z: 450.8986203709279
  yaw: 239.38899
  pitch: 9.000019
logoutlocation:
  world: world
  x: 35.78465279489825
  y: 80.0
  z: 318.8383689609163
  yaw: -173.24982
  pitch: 36.90005
afk: false
