uuid: b8b856cf-574d-4591-b7ee-b09c70d43080
timestamps:
  login: 1538266063786
  logout: 1538268141945
  lastteleport: 1538265334806
ipAddress: 178.115.129.82
lastlocation:
  world: world
  x: -1.2520733568577538
  y: 14.0
  z: 487.1424580534088
  yaw: -10.685119
  pitch: 5.1000066
logoutlocation:
  world: world
  x: 16.25103003835893
  y: 80.87182690134614
  z: 313.30152121706516
  yaw: 171.54517
  pitch: 26.399977
afk: false
homes:
  home:
    world: world
    x: 62.46129856976121
    y: 134.0
    z: 315.0842927783807
    yaw: 181.6084
    pitch: 33.600014
nickname: DeinHausarzt
