uuid: b8b856cf-574d-4591-b7ee-b09c70d43080
timestamps:
  login: 1535041260228
  logout: 1535046747663
  lastteleport: 1535044990237
ipAddress: 178.165.130.31
lastlocation:
  world: world
  x: 60.69016889410115
  y: 114.0
  z: 1.2085255695800028
  yaw: -14.699999
  pitch: 21.6
logoutlocation:
  world: world
  x: 17.52574089724218
  y: 67.64134548223267
  z: 294.26774224439976
  yaw: -304.35138
  pitch: 33.299927
afk: false
