uuid: b8b856cf-574d-4591-b7ee-b09c70d43080
timestamps:
  login: 1534717602867
  logout: 1534718514151
  lastteleport: 1534717889578
ipAddress: 77.119.128.157
lastlocation:
  world: world
  x: 53.30000001192088
  y: 186.5172487415497
  z: 329.70911991885686
  yaw: -257.25116
  pitch: 27.000126
logoutlocation:
  world: world
  x: 96.50493197515328
  y: 75.13764081359328
  z: 339.7774226054082
  yaw: 112.50104
  pitch: 38.84986
afk: false
