uuid: b8b856cf-574d-4591-b7ee-b09c70d43080
timestamps:
  login: 1538865176675
  logout: 1538868020568
  lastteleport: 1538265334806
ipAddress: 91.141.2.37
lastlocation:
  world: world
  x: 9.79165681952793
  y: 82.3436680406117
  z: 284.3726670524644
  yaw: -10.350281
  pitch: 50.849976
logoutlocation:
  world: world
  x: 82.79637447701802
  y: 120.0
  z: 3.51995173743803
  yaw: -78.31597
  pitch: 26.999968
afk: false
homes:
  home:
    world: world
    x: 62.46129856976121
    y: 134.0
    z: 315.0842927783807
    yaw: 181.6084
    pitch: 33.600014
nickname: DeinHausarzt
