uuid: a9d76660-f3e9-4849-bfc3-8368b8006a55
timestamps:
  login: 1523476537405
  logout: 1523476675850
  lastteleport: 1523476591812
ipAddress: 217.251.188.233
lastlocation:
  world: world
  x: -2037.0770998472503
  y: 72.47936292783021
  z: -502.2500618160103
  yaw: 217.61151
  pitch: 38.663082
logoutlocation:
  world: world
  x: 72.17392480823712
  y: 71.0
  z: 193.57687371699612
  yaw: 21.100662
  pitch: 11.641011
afk: false
homes:
  home:
    world: world
    x: 97.12680563390231
    y: 65.0
    z: 195.261493004673
    yaw: 33.178223
    pitch: 22.8266
