uuid: a9d76660-f3e9-4849-bfc3-8368b8006a55
timestamps:
  login: 1524074267946
  logout: 1524081561015
  lastteleport: 1524070747427
ipAddress: 217.251.187.147
lastlocation:
  world: DIM1
  x: 0.6137538521454736
  y: 68.0
  z: 0.6453030938289096
  yaw: 317.7574
  pitch: 29.702715
logoutlocation:
  world: world
  x: 83.04784988826943
  y: 72.0
  z: 248.52224157670952
  yaw: -262.88217
  pitch: 41.918743
afk: false
homes:
  home:
    world: world
    x: 97.12680563390231
    y: 65.0
    z: 195.261493004673
    yaw: 33.178223
    pitch: 22.8266
