uuid: a9d76660-f3e9-4849-bfc3-8368b8006a55
timestamps:
  login: 1525792349869
  logout: 1525794534894
  lastteleport: 1525462995374
ipAddress: 217.251.181.53
lastlocation:
  world: world
  x: -0.5468420882856248
  y: 72.0
  z: 704.3172166629929
  yaw: 189.76196
  pitch: 6.6088552
logoutlocation:
  world: world
  x: 29.197176191938265
  y: 68.0
  z: 275.69948799458956
  yaw: -92.34982
  pitch: 27.56089
afk: false
homes:
  home:
    world: world
    x: 97.12680563390231
    y: 65.0
    z: 195.261493004673
    yaw: 33.178223
    pitch: 22.8266
