uuid: a9d76660-f3e9-4849-bfc3-8368b8006a55
timestamps:
  login: 1526062912817
  logout: 1526066512087
  lastteleport: 1526066443914
ipAddress: 217.251.186.126
lastlocation:
  world: world
  x: 60.271814450530755
  y: 72.0
  z: 245.30000001192116
  yaw: 324.41913
  pitch: 23.828247
logoutlocation:
  world: world
  x: 78.80666087408848
  y: 55.0
  z: 180.67651661416147
  yaw: 42.360443
  pitch: 0.20495462
afk: false
homes:
  home:
    world: world
    x: 97.12680563390231
    y: 65.0
    z: 195.261493004673
    yaw: 33.178223
    pitch: 22.8266
