uuid: a9d76660-f3e9-4849-bfc3-8368b8006a55
timestamps:
  login: 1523557818034
  logout: 1523560606474
  lastteleport: 1523559170627
ipAddress: 217.251.185.251
lastlocation:
  world: world
  x: 1283.5189539203373
  y: 102.8387373517321
  z: -1357.685493838836
  yaw: -337.86884
  pitch: 37.465794
logoutlocation:
  world: world
  x: 58.97883420532141
  y: 71.0
  z: 208.22129249745876
  yaw: -131.68001
  pitch: 27.751673
afk: false
homes:
  home:
    world: world
    x: 97.12680563390231
    y: 65.0
    z: 195.261493004673
    yaw: 33.178223
    pitch: 22.8266
