uuid: a9d76660-f3e9-4849-bfc3-8368b8006a55
timestamps:
  login: 1526238411299
  logout: 1526239334197
  lastteleport: 1526066443914
ipAddress: 217.251.178.182
lastlocation:
  world: world
  x: 60.271814450530755
  y: 72.0
  z: 245.30000001192116
  yaw: 324.41913
  pitch: 23.828247
logoutlocation:
  world: world
  x: 79.70013684204298
  y: 55.0
  z: 172.0861679885128
  yaw: 308.11243
  pitch: 26.39235
afk: false
homes:
  home:
    world: world
    x: 97.12680563390231
    y: 65.0
    z: 195.261493004673
    yaw: 33.178223
    pitch: 22.8266
