uuid: a9d76660-f3e9-4849-bfc3-8368b8006a55
timestamps:
  login: 1523387196144
  logout: 1523390184501
  lastteleport: 1523384773500
ipAddress: 217.251.182.11
lastlocation:
  world: world
  x: -94.84531474565415
  y: 70.73012686959781
  z: 212.03956793844102
  yaw: 349.57068
  pitch: 48.036068
logoutlocation:
  world: world
  x: 81.92467905959236
  y: 69.0
  z: 151.0138083094341
  yaw: 330.32764
  pitch: 13.95468
afk: false
homes:
  home:
    world: world
    x: 97.12680563390231
    y: 65.0
    z: 195.261493004673
    yaw: 33.178223
    pitch: 22.8266
