uuid: a9d76660-f3e9-4849-bfc3-8368b8006a55
timestamps:
  login: 1524245180771
  logout: 1524245364013
  lastteleport: 1524151979622
ipAddress: 217.251.188.192
lastlocation:
  world: world
  x: 52.30000001192093
  y: 55.0
  z: 168.5771814513186
  yaw: -16.194094
  pitch: 43.921967
logoutlocation:
  world: world
  x: 52.30000001192093
  y: 55.20000000298023
  z: 167.7855993365962
  yaw: -16.194094
  pitch: 43.921967
afk: false
homes:
  home:
    world: world
    x: 97.12680563390231
    y: 65.0
    z: 195.261493004673
    yaw: 33.178223
    pitch: 22.8266
