uuid: a9d76660-f3e9-4849-bfc3-8368b8006a55
timestamps:
  login: 1533468498840
  logout: 1533468999612
  lastteleport: 1533468658471
ipAddress: 217.248.112.142
lastlocation:
  world: world
  x: -1864.9265416556407
  y: 77.44484049118755
  z: -849.7920116683803
  yaw: 0.36410522
  pitch: 32.452526
logoutlocation:
  world: world
  x: -167.25522884432394
  y: 74.45407749286922
  z: 271.94209941358486
  yaw: 8.239624
  pitch: 19.446789
afk: false
homes:
  home:
    world: world
    x: -2089.8128540053294
    y: 67.0
    z: -539.062659051318
    yaw: 77.59269
    pitch: 39.838043
