uuid: a9d76660-f3e9-4849-bfc3-8368b8006a55
timestamps:
  login: 1523817612899
  logout: 1523821200039
  lastteleport: 1523819387017
ipAddress: 217.248.117.107
lastlocation:
  world: world
  x: 84.49626988999732
  y: 71.0
  z: 182.51222342002023
  yaw: 24.18927
  pitch: 41.107563
logoutlocation:
  world: world
  x: 86.59889544942374
  y: 71.0
  z: 183.56346522794115
  yaw: 357.11865
  pitch: 38.853973
afk: false
homes:
  home:
    world: world
    x: 97.12680563390231
    y: 65.0
    z: 195.261493004673
    yaw: 33.178223
    pitch: 22.8266
