uuid: a9d76660-f3e9-4849-bfc3-8368b8006a55
timestamps:
  login: 1524156906722
  logout: 1524159570370
  lastteleport: 1524151979622
ipAddress: 217.251.185.11
lastlocation:
  world: world
  x: 1856.376133542429
  y: 75.62228147028273
  z: -2156.230831389941
  yaw: 3.4848633
  pitch: 32.652878
logoutlocation:
  world: world
  x: 81.64604369727752
  y: 71.0
  z: 247.69999998807913
  yaw: 307.0708
  pitch: 37.685246
afk: false
homes:
  home:
    world: world
    x: 97.12680563390231
    y: 65.0
    z: 195.261493004673
    yaw: 33.178223
    pitch: 22.8266
