uuid: a9d76660-f3e9-4849-bfc3-8368b8006a55
timestamps:
  login: 1524505511155
  logout: 1524506886903
  lastteleport: 1524506757869
ipAddress: 217.251.187.69
lastlocation:
  world: world
  x: 133.27588966738682
  y: 107.9309113652489
  z: 86.7382542932738
  yaw: -65.61066
  pitch: 30.384779
logoutlocation:
  world: world
  x: 158.02133328333773
  y: 69.99517225647382
  z: -134.44558118769453
  yaw: 54.83605
  pitch: 25.21236
afk: false
homes:
  home:
    world: world
    x: 97.12680563390231
    y: 65.0
    z: 195.261493004673
    yaw: 33.178223
    pitch: 22.8266
