uuid: a9d76660-f3e9-4849-bfc3-8368b8006a55
timestamps:
  login: 1521490780676
  logout: 1521493891338
  lastteleport: 1521493809963
ipAddress: 217.251.187.172
lastlocation:
  world: world
  x: 77.75856036714582
  y: 55.0
  z: 180.59384115544384
  yaw: 286.91418
  pitch: 20.632616
logoutlocation:
  world: world
  x: 107.02457451487984
  y: 46.0
  z: 255.82485982063514
  yaw: 177.17804
  pitch: 16.959623
afk: false
homes:
  home:
    world: world
    x: 106.47011592461503
    y: 60.0
    z: 195.93269342768735
    yaw: 272.81317
    pitch: 40.02236
