uuid: a9d76660-f3e9-4849-bfc3-8368b8006a55
timestamps:
  login: 1525460804142
  logout: 1525460434645
  lastteleport: 1525462995374
ipAddress: 217.251.186.232
lastlocation:
  world: world
  x: -0.5468420882856248
  y: 72.0
  z: 704.3172166629929
  yaw: 189.76196
  pitch: 6.6088552
logoutlocation:
  world: world
  x: 63.97891231067021
  y: 70.0
  z: 247.73845607073733
  yaw: 205.58105
  pitch: 22.301989
afk: false
homes:
  home:
    world: world
    x: 97.12680563390231
    y: 65.0
    z: 195.261493004673
    yaw: 33.178223
    pitch: 22.8266
