uuid: a9d76660-f3e9-4849-bfc3-8368b8006a55
timestamps:
  login: 1525359497897
  logout: 1525361168524
  lastteleport: 1525284541900
ipAddress: 217.251.183.134
lastlocation:
  world: world
  x: 60.96972586663362
  y: 70.0
  z: 247.68824904043905
  yaw: -294.85654
  pitch: 34.96162
logoutlocation:
  world: world
  x: 63.97891231067022
  y: 70.0
  z: 247.73845607073733
  yaw: 200.57257
  pitch: 20.465546
afk: false
homes:
  home:
    world: world
    x: 97.12680563390231
    y: 65.0
    z: 195.261493004673
    yaw: 33.178223
    pitch: 22.8266
