uuid: a9d76660-f3e9-4849-bfc3-8368b8006a55
timestamps:
  login: 1523649995487
  logout: 1523650844922
  lastteleport: 1523650776074
ipAddress: 217.251.187.36
lastlocation:
  world: world
  x: 67.29702181087056
  y: 50.0
  z: 181.69999998807907
  yaw: -37.52481
  pitch: 33.5711
logoutlocation:
  world: world
  x: 68.49404440949408
  y: 50.0
  z: 175.7930025705339
  yaw: 207.26772
  pitch: 31.73467
afk: false
homes:
  home:
    world: world
    x: 97.12680563390231
    y: 65.0
    z: 195.261493004673
    yaw: 33.178223
    pitch: 22.8266
