uuid: a9d76660-f3e9-4849-bfc3-8368b8006a55
timestamps:
  login: 1526842751948
  logout: 1526844980360
  lastteleport: 1526843722132
ipAddress: 217.248.112.79
lastlocation:
  world: world
  x: -92.73896427699754
  y: 94.54746052052856
  z: 3632.2373495040715
  yaw: -3.9452324
  pitch: 47.64984
logoutlocation:
  world: world
  x: 66.47895713081023
  y: 73.60998561976596
  z: 206.3201108591089
  yaw: -68.437386
  pitch: 10.920934
afk: false
homes:
  home:
    world: world
    x: 97.12680563390231
    y: 65.0
    z: 195.261493004673
    yaw: 33.178223
    pitch: 22.8266
