uuid: a9d76660-f3e9-4849-bfc3-8368b8006a55
timestamps:
  login: 1523739901259
  logout: 1523746291497
  lastteleport: 1523746253577
ipAddress: 217.248.112.73
lastlocation:
  world: world
  x: 70.977991302444
  y: 50.0
  z: 179.02395377789054
  yaw: -33.01731
  pitch: 26.475756
logoutlocation:
  world: world
  x: 104.81352050486889
  y: 80.8047810368645
  z: 241.41573291423015
  yaw: -281.38068
  pitch: 67.211395
afk: false
homes:
  home:
    world: world
    x: 97.12680563390231
    y: 65.0
    z: 195.261493004673
    yaw: 33.178223
    pitch: 22.8266
