uuid: a9d76660-f3e9-4849-bfc3-8368b8006a55
timestamps:
  login: 1529677690332
  logout: 1529678130354
  lastteleport: 1529142246422
ipAddress: 217.251.187.38
lastlocation:
  world: world
  x: -3409.5
  y: 77.0
  z: -1037.5
  yaw: 264.37537
  pitch: 39.769104
logoutlocation:
  world: world
  x: -2093.434483832128
  y: 67.875
  z: -536.5288164251448
  yaw: 92.27118
  pitch: 50.752644
afk: false
homes:
  home:
    world: world
    x: 97.12680563390231
    y: 65.0
    z: 195.261493004673
    yaw: 33.178223
    pitch: 22.8266
