uuid: a9d76660-f3e9-4849-bfc3-8368b8006a55
timestamps:
  login: 1526734548735
  logout: 1526736923769
  lastteleport: 1526066443914
ipAddress: 217.251.183.21
lastlocation:
  world: world
  x: 60.271814450530755
  y: 72.0
  z: 245.30000001192116
  yaw: 324.41913
  pitch: 23.828247
logoutlocation:
  world: world
  x: 23.33001976797261
  y: 81.0
  z: 3180.5969583932547
  yaw: 346.13235
  pitch: 33.3756
afk: false
homes:
  home:
    world: world
    x: 97.12680563390231
    y: 65.0
    z: 195.261493004673
    yaw: 33.178223
    pitch: 22.8266
