uuid: a9d76660-f3e9-4849-bfc3-8368b8006a55
timestamps:
  login: 1523987305967
  logout: 1523994271370
  lastteleport: 1523907550467
ipAddress: 217.251.182.153
lastlocation:
  world: world
  x: -2043.4281311730979
  y: 87.76534492062166
  z: -519.232201925778
  yaw: -353.35583
  pitch: 37.828312
logoutlocation:
  world: world
  x: 65.85064337890618
  y: 84.86226072262212
  z: 219.9931541556648
  yaw: 64.12793
  pitch: 40.08214
afk: false
homes:
  home:
    world: world
    x: 97.12680563390231
    y: 65.0
    z: 195.261493004673
    yaw: 33.178223
    pitch: 22.8266
