uuid: a9d76660-f3e9-4849-bfc3-8368b8006a55
timestamps:
  login: 1530104114471
  logout: 1530108146081
  lastteleport: 1530106841771
ipAddress: 217.248.115.99
lastlocation:
  world: world
  x: 107.39684791747007
  y: 84.93592493651306
  z: 202.38286663460096
  yaw: 233.45576
  pitch: 18.138584
logoutlocation:
  world: world
  x: -1864.9265416556407
  y: 77.44484049118755
  z: -849.7920116683803
  yaw: 355.64526
  pitch: 7.4768763
afk: false
homes:
  home:
    world: world
    x: -2089.8128540053294
    y: 67.0
    z: -539.062659051318
    yaw: 77.59269
    pitch: 39.838043
