uuid: a9d76660-f3e9-4849-bfc3-8368b8006a55
timestamps:
  login: 1535282689626
  logout: 1535282702949
  lastteleport: 1535281741005
ipAddress: 217.248.112.142
lastlocation:
  world: world
  x: -129.43891381406306
  y: 71.07923458109786
  z: 279.3883520103251
  yaw: -135.2838
  pitch: 19.216599
logoutlocation:
  world: world
  x: -3485.120596166155
  y: 93.67377157158488
  z: -989.89738894235
  yaw: 55.38039
  pitch: 17.900963
afk: false
homes:
  home:
    world: world
    x: -2089.8128540053294
    y: 67.0
    z: -539.062659051318
    yaw: 77.59269
    pitch: 39.838043
