uuid: a9d76660-f3e9-4849-bfc3-8368b8006a55
timestamps:
  login: 1521379631718
  logout: 1521379666641
  lastteleport: 1521378089626
ipAddress: 217.251.184.140
lastlocation:
  world: world
  x: 58.53118874620608
  y: 73.86512829970259
  z: 72.34981888542622
  yaw: 14.807617
  pitch: 30.255812
logoutlocation:
  world: world
  x: 285.41418471950044
  y: 65.9040768455132
  z: -45.75782453503711
  yaw: 136.43262
  pitch: 43.42135
afk: false
homes:
  home:
    world: world
    x: 106.47011592461503
    y: 60.0
    z: 195.93269342768735
    yaw: 272.81317
    pitch: 40.02236
