uuid: a9d76660-f3e9-4849-bfc3-8368b8006a55
timestamps:
  login: 1523898002054
  logout: 1523908548131
  lastteleport: 1523907550467
ipAddress: 217.251.187.179
lastlocation:
  world: world
  x: -2043.4281311730979
  y: 87.76534492062166
  z: -519.232201925778
  yaw: -353.35583
  pitch: 37.828312
logoutlocation:
  world: world
  x: 58.47837179672073
  y: 72.0
  z: 233.18533246355926
  yaw: 23.197754
  pitch: 27.89483
afk: false
homes:
  home:
    world: world
    x: 97.12680563390231
    y: 65.0
    z: 195.261493004673
    yaw: 33.178223
    pitch: 22.8266
