uuid: a9d76660-f3e9-4849-bfc3-8368b8006a55
timestamps:
  login: 1529141439668
  logout: 1529142328575
  lastteleport: 1529142246422
ipAddress: 217.248.115.192
lastlocation:
  world: world
  x: -3409.5
  y: 77.0
  z: -1037.5
  yaw: 264.37537
  pitch: 39.769104
logoutlocation:
  world: world
  x: -2089.000043966568
  y: 31.0
  z: -521.3464238842889
  yaw: -187.5415
  pitch: -66.635735
afk: false
homes:
  home:
    world: world
    x: 97.12680563390231
    y: 65.0
    z: 195.261493004673
    yaw: 33.178223
    pitch: 22.8266
