uuid: a9d76660-f3e9-4849-bfc3-8368b8006a55
timestamps:
  login: 1521644018391
  logout: 1521579646907
  lastteleport: 1521645460338
ipAddress: 217.251.184.151
lastlocation:
  world: world
  x: 106.63685795905391
  y: 46.0
  z: 272.24763615816636
  yaw: 175.13257
  pitch: 17.12657
logoutlocation:
  world: world
  x: 106.51490722256716
  y: 46.0
  z: 256.75059881484145
  yaw: -4.1101108
  pitch: 11.421783
afk: false
homes:
  home:
    world: world
    x: 97.12680563390231
    y: 65.0
    z: 195.261493004673
    yaw: 33.178223
    pitch: 22.8266
