uuid: b9d75492-4c60-4208-9cd1-4e125feed20e
timestamps:
  login: 1521644315376
  lastteleport: 1521644378947
  logout: 1521644485566
ipAddress: 193.159.109.44
lastlocation:
  world: world
  x: 248.0
  y: 78.0
  z: 148.0
  yaw: 0.0
  pitch: 0.0
homes:
  home:
    world: world
    x: 562.0337815447333
    y: 190.0
    z: -700.8625412148231
    yaw: -335.31122
    pitch: 49.230045
logoutlocation:
  world: world
  x: -261.7337128524364
  y: 63.0
  z: 99.91583791414594
  yaw: 216.8104
  pitch: 29.031454
afk: false
