uuid: b9d75492-4c60-4208-9cd1-4e125feed20e
timestamps:
  login: 1521490291754
  lastteleport: 1521492381901
  logout: 1521492680919
ipAddress: 193.159.107.218
lastlocation:
  world: world
  x: 102.46981392147048
  y: 86.93435845725413
  z: 190.33417205447375
  yaw: 221.66348
  pitch: -35.99444
homes:
  home:
    world: world
    x: 562.0337815447333
    y: 190.0
    z: -700.8625412148231
    yaw: -335.31122
    pitch: 49.230045
logoutlocation:
  world: world
  x: 98.57398961398033
  y: 65.0
  z: 196.7118369891149
  yaw: -87.03998
  pitch: 10.029184
afk: false
