uuid: b9d75492-4c60-4208-9cd1-4e125feed20e
timestamps:
  login: 1521729344138
  lastteleport: 1521644378947
  logout: 1521729689199
ipAddress: 193.159.109.44
lastlocation:
  world: world
  x: 248.0
  y: 78.0
  z: 148.0
  yaw: 0.0
  pitch: 0.0
homes:
  home:
    world: world
    x: 562.0337815447333
    y: 190.0
    z: -700.8625412148231
    yaw: -335.31122
    pitch: 49.230045
logoutlocation:
  world: world
  x: -3906.851564570577
  y: 97.57491880726732
  z: -473.1720315009687
  yaw: 271.7876
  pitch: 25.804712
afk: false
