uuid: b9d75492-4c60-4208-9cd1-4e125feed20e
timestamps:
  login: 1532779856596
  lastteleport: 1532780646567
  logout: 1532780858363
ipAddress: 193.159.97.143
lastlocation:
  world: world
  x: -2110.3524085257764
  y: 51.48068046291304
  z: -548.2548742437136
  yaw: -188.86357
  pitch: -22.049963
homes:
  home:
    world: world
    x: 562.0337815447333
    y: 190.0
    z: -700.8625412148231
    yaw: -335.31122
    pitch: 49.230045
logoutlocation:
  world: world
  x: -2103.0465188037624
  y: 42.123004707938534
  z: -523.7732772349824
  yaw: -215.26266
  pitch: -18.150003
afk: false
