uuid: b9d75492-4c60-4208-9cd1-4e125feed20e
timestamps:
  login: 1525640312924
  lastteleport: 1525640592293
  logout: 1525642165256
ipAddress: 193.159.97.57
lastlocation:
  world: world
  x: 85.39070970501723
  y: 98.38829705494261
  z: 194.67452478943036
  yaw: 13.108673
  pitch: 46.18421
homes:
  home:
    world: world
    x: 562.0337815447333
    y: 190.0
    z: -700.8625412148231
    yaw: -335.31122
    pitch: 49.230045
logoutlocation:
  world: world
  x: 60.814791222068315
  y: 88.5
  z: 186.04576995248493
  yaw: -45.64148
  pitch: 18.841705
afk: false
