uuid: a40f6850-c584-4aac-8921-b13e0e4f6b38
timestamps:
  login: 1534973834223
  lastteleport: 1534970753969
  logout: 1534974552928
ipAddress: 91.115.7.148
lastlocation:
  world: world
  x: -7.783144735406876
  y: 129.99647883164153
  z: -15.876221565768894
  yaw: 310.6501
  pitch: 69.89998
homes:
  home:
    world: world
    x: 79.7137712148203
    y: 114.0
    z: -0.30107898645015824
    yaw: 253.46167
    pitch: 35.850018
logoutlocation:
  world: world
  x: 80.26982122855861
  y: 114.0
  z: 0.3628756683364991
  yaw: 89.69864
  pitch: 0.4500136
afk: false
