uuid: a40f6850-c584-4aac-8921-b13e0e4f6b38
timestamps:
  login: 1535014287710
  lastteleport: 1534970753969
  logout: 1535014582649
ipAddress: 91.115.7.148
lastlocation:
  world: world
  x: -7.783144735406876
  y: 129.99647883164153
  z: -15.876221565768894
  yaw: 310.6501
  pitch: 69.89998
homes:
  home:
    world: world
    x: 79.7137712148203
    y: 114.0
    z: -0.30107898645015824
    yaw: 253.46167
    pitch: 35.850018
logoutlocation:
  world: world
  x: 20.2412804050837
  y: 88.0
  z: -21.178327080763573
  yaw: 160.19507
  pitch: 30.000027
afk: false
