uuid: a40f6850-c584-4aac-8921-b13e0e4f6b38
timestamps:
  login: 1534875753067
  lastteleport: 1534874716216
  logout: 1534876507155
ipAddress: 194.166.202.65
lastlocation:
  world: world
  x: 79.5
  y: 114.0
  z: -0.5
  yaw: 253.46167
  pitch: 35.850018
homes:
  home:
    world: world
    x: 79.7137712148203
    y: 114.0
    z: -0.30107898645015824
    yaw: 253.46167
    pitch: 35.850018
logoutlocation:
  world: world
  x: 81.03837926818639
  y: 114.0
  z: -1.84443540493757
  yaw: 327.5645
  pitch: 19.649961
afk: false
