uuid: a40f6850-c584-4aac-8921-b13e0e4f6b38
timestamps:
  login: 1535462849073
  lastteleport: 1535463006309
  logout: 1535463011154
ipAddress: 212.183.37.20
lastlocation:
  world: world
  x: 18.32023237398272
  y: 67.0
  z: 271.5960028182238
  yaw: -166.5387
  pitch: 56.100033
homes:
  home:
    world: world
    x: 79.7137712148203
    y: 114.0
    z: -0.30107898645015824
    yaw: 253.46167
    pitch: 35.850018
logoutlocation:
  world: world
  x: 79.5
  y: 114.0
  z: -0.5
  yaw: 253.46167
  pitch: 35.850018
afk: false
