uuid: a40f6850-c584-4aac-8921-b13e0e4f6b38
timestamps:
  login: 1535112427805
  lastteleport: 1535116824418
  logout: 1535116848710
ipAddress: 91.115.1.136
lastlocation:
  world: world
  x: 21.56919444227822
  y: 74.36435608532406
  z: 232.36352628559436
  yaw: 217.61061
  pitch: 10.799973
homes:
  home:
    world: world
    x: 79.7137712148203
    y: 114.0
    z: -0.30107898645015824
    yaw: 253.46167
    pitch: 35.850018
logoutlocation:
  world: world
  x: 20.57799766718942
  y: 88.0
  z: -23.205276268349362
  yaw: 273.56146
  pitch: 26.550055
afk: false
