uuid: a40f6850-c584-4aac-8921-b13e0e4f6b38
timestamps:
  login: 1535217430677
  lastteleport: 1535223806419
  logout: 1535224109644
ipAddress: 194.118.135.111
lastlocation:
  world: world
  x: 23.826937872636776
  y: 82.28966499545227
  z: 238.34178866422536
  yaw: -186.93207
  pitch: 20.400017
homes:
  home:
    world: world
    x: 79.7137712148203
    y: 114.0
    z: -0.30107898645015824
    yaw: 253.46167
    pitch: 35.850018
logoutlocation:
  world: world
  x: 33.164375038857756
  y: 66.0
  z: -101.31532706458341
  yaw: 26.811707
  pitch: 23.099997
afk: false
