uuid: 532b1cd0-97b3-44e8-9a4a-2459464b5cef
timestamps:
  login: 1521569390421
  lastteleport: 1521567882498
  logout: 1521569456592
ipAddress: 77.119.129.253
lastlocation:
  world: DIM-1
  x: 55.231111348478315
  y: 129.0
  z: 14.269316932525477
  yaw: 17.250366
  pitch: 14.399984
logoutlocation:
  world: world
  x: 2069.9276019630834
  y: 79.43635133223836
  z: 129.9457188751899
  yaw: 316.35492
  pitch: 16.500023
homes:
  home:
    world: iceland
    x: 224.45878192958588
    y: 91.0
    z: 483.55471046441073
    yaw: -108.298096
    pitch: 18.599981
afk: false
