uuid: 532b1cd0-97b3-44e8-9a4a-2459464b5cef
timestamps:
  login: 1523388089811
  lastteleport: 1523390114613
  logout: 1522001770523
ipAddress: 91.141.3.77
lastlocation:
  world: iceland
  x: 271.013056305512
  y: 86.0
  z: 476.57080150350816
  yaw: 143.1024
  pitch: 32.549953
logoutlocation:
  world: iceland
  x: 230.64540271454496
  y: 101.0
  z: 480.42973123620163
  yaw: -70.34798
  pitch: 42.90003
homes:
  home:
    world: iceland
    x: 224.45878192958588
    y: 91.0
    z: 483.55471046441073
    yaw: -108.298096
    pitch: 18.599981
afk: false
