uuid: 532b1cd0-97b3-44e8-9a4a-2459464b5cef
timestamps:
  login: 1521492540873
  lastteleport: 1521493864867
  logout: 1521494834297
ipAddress: 77.119.131.211
lastlocation:
  world: DIM4
  x: 4206.3063878973835
  y: 33.0
  z: 8.687699754128609
  yaw: -264.11578
  pitch: 40.13243
logoutlocation:
  world: world
  x: 802.4933647089492
  y: 96.48311986940374
  z: 778.8976717371341
  yaw: -325.63995
  pitch: 29.100004
homes:
  home:
    world: iceland
    x: 224.45878192958588
    y: 91.0
    z: 483.55471046441073
    yaw: -108.298096
    pitch: 18.599981
afk: false
