uuid: 532b1cd0-97b3-44e8-9a4a-2459464b5cef
timestamps:
  login: 1532458762807
  lastteleport: 1532459368403
  logout: 1532459399849
ipAddress: 178.165.131.247
lastlocation:
  world: DIM1
  x: -388.9590895782876
  y: 114.88935141233104
  z: -1602.1172303271792
  yaw: 158.24768
  pitch: 23.10011
logoutlocation:
  world: DIM1
  x: 5259.307428631138
  y: 87.0
  z: -2.115897743446636
  yaw: 309.0017
  pitch: 15.749986
homes:
  home:
    world: iceland
    x: 224.45878192958588
    y: 91.0
    z: 483.55471046441073
    yaw: -108.298096
    pitch: 18.599981
afk: false
