uuid: 532b1cd0-97b3-44e8-9a4a-2459464b5cef
timestamps:
  login: 1532551105626
  lastteleport: 1532552051321
  logout: 1532552125821
ipAddress: 178.115.131.114
lastlocation:
  world: world
  x: 380.1398671594505
  y: 68.48201793010216
  z: 156.4503641625629
  yaw: -241.04999
  pitch: 11.400116
logoutlocation:
  world: world
  x: 254.10281953942956
  y: 80.12384689547052
  z: 140.0434158645119
  yaw: 323.25012
  pitch: 22.349997
homes:
  home:
    world: iceland
    x: 224.45878192958588
    y: 91.0
    z: 483.55471046441073
    yaw: -108.298096
    pitch: 18.599981
afk: false
