uuid: 532b1cd0-97b3-44e8-9a4a-2459464b5cef
timestamps:
  login: 1521381858309
  lastteleport: 1521380606508
  logout: 1521381877367
ipAddress: 77.119.131.142
lastlocation:
  world: iceland
  x: 225.62700151516896
  y: 91.0
  z: 483.1308910810696
  yaw: -108.298096
  pitch: 18.599981
logoutlocation:
  world: world
  x: -215.58923110874795
  y: 85.83557835537798
  z: -229.0953569166546
  yaw: -227.54964
  pitch: 1.199955
homes:
  home:
    world: iceland
    x: 224.45878192958588
    y: 91.0
    z: 483.55471046441073
    yaw: -108.298096
    pitch: 18.599981
afk: false
