uuid: bcb341ca-4a16-4bda-ad95-ad56b03f3dcb
timestamps:
  login: 1525551237404
  logout: 1525559225165
  lastteleport: 1525469519330
ipAddress: 5.100.34.66
lastlocation:
  world: world
  x: -547.3582486525002
  y: 65.26522549290024
  z: 790.2299681581724
  yaw: 43.496223
  pitch: 14.849991
logoutlocation:
  world: world
  x: 99.80576182140437
  y: 63.0
  z: 267.7179598812984
  yaw: 83.54968
  pitch: 3.0000014
afk: false
homes:
  home:
    world: DIM-29
    x: 69.04384629129893
    y: 93.0
    z: 308.8605556958566
    yaw: -358.95044
    pitch: -4.649949
