uuid: bcb341ca-4a16-4bda-ad95-ad56b03f3dcb
timestamps:
  login: 1533226089625
  logout: 1533229818846
  lastteleport: 1533148544537
ipAddress: 5.100.36.188
lastlocation:
  world: world
  x: -2093.1675639158752
  y: 67.0
  z: -546.0371505069379
  yaw: -15.412492
  pitch: 25.788555
logoutlocation:
  world: world
  x: -2044.129134577104
  y: 38.0
  z: -523.2928925241198
  yaw: -181.89227
  pitch: 13.872368
afk: false
homes:
  home:
    world: world
    x: 89.51091824803935
    y: 71.0
    z: 193.57834099905807
    yaw: 136.74036
    pitch: 11.849908
