uuid: bcb341ca-4a16-4bda-ad95-ad56b03f3dcb
timestamps:
  login: 1526399391992
  logout: 1526399510030
  lastteleport: 1526399437897
ipAddress: 5.100.46.33
lastlocation:
  world: DIM-112
  x: -557.8378284815515
  y: 65.0
  z: 789.2823106649712
  yaw: 63.091103
  pitch: 75.14995
logoutlocation:
  world: world
  x: 52.688877150611305
  y: 55.0
  z: 176.22311865775072
  yaw: 66.99009
  pitch: 16.199915
afk: false
homes:
  home:
    world: world
    x: 89.51091824803935
    y: 71.0
    z: 193.57834099905807
    yaw: 136.74036
    pitch: 11.849908
