uuid: bcb341ca-4a16-4bda-ad95-ad56b03f3dcb
timestamps:
  login: 1529512022709
  logout: 1529512589010
  lastteleport: 1529426472470
ipAddress: 5.100.45.254
lastlocation:
  world: world
  x: 286.193573679712
  y: 85.55749979615223
  z: 153.02628825947232
  yaw: -119.42639
  pitch: 39.927044
logoutlocation:
  world: world
  x: -2043.8734777744098
  y: 31.0
  z: -522.5325285163875
  yaw: -190.87914
  pitch: 33.330273
afk: false
homes:
  home:
    world: world
    x: 89.51091824803935
    y: 71.0
    z: 193.57834099905807
    yaw: 136.74036
    pitch: 11.849908
