uuid: bcb341ca-4a16-4bda-ad95-ad56b03f3dcb
timestamps:
  login: 1525804372209
  logout: 1525804485149
  lastteleport: 1525469519330
ipAddress: 5.100.42.165
lastlocation:
  world: world
  x: -547.3582486525002
  y: 65.26522549290024
  z: 790.2299681581724
  yaw: 43.496223
  pitch: 14.849991
logoutlocation:
  world: world
  x: 107.27451446478544
  y: 63.0
  z: 265.9824810662903
  yaw: 301.94943
  pitch: 4.499986
afk: false
homes:
  home:
    world: DIM-29
    x: 69.04384629129893
    y: 93.0
    z: 308.8605556958566
    yaw: -358.95044
    pitch: -4.649949
