uuid: bcb341ca-4a16-4bda-ad95-ad56b03f3dcb
timestamps:
  login: 1526486954109
  logout: 1526493763597
  lastteleport: 1526492695779
ipAddress: 5.100.40.134
lastlocation:
  world: DIM-112
  x: -550.6152252487041
  y: 65.0
  z: 787.2964761261046
  yaw: 249.3808
  pitch: 16.500345
logoutlocation:
  world: world
  x: 76.45340275989507
  y: 55.0
  z: 179.5021739543032
  yaw: 208.44038
  pitch: 26.699911
afk: false
homes:
  home:
    world: world
    x: 89.51091824803935
    y: 71.0
    z: 193.57834099905807
    yaw: 136.74036
    pitch: 11.849908
