uuid: bcb341ca-4a16-4bda-ad95-ad56b03f3dcb
timestamps:
  login: 1531756349161
  logout: 1531578379255
  lastteleport: 1530034172671
ipAddress: 5.100.47.228
lastlocation:
  world: world
  x: -2092.7739796352303
  y: 67.0
  z: -540.2586363181316
  yaw: -79.65344
  pitch: 11.743042
logoutlocation:
  world: world
  x: -2089.3758325394283
  y: 68.61062010632389
  z: -548.7097580272604
  yaw: 254.06702
  pitch: 12.097856
afk: false
homes:
  home:
    world: world
    x: 89.51091824803935
    y: 71.0
    z: 193.57834099905807
    yaw: 136.74036
    pitch: 11.849908
