uuid: bcb341ca-4a16-4bda-ad95-ad56b03f3dcb
timestamps:
  login: 1536260876088
  logout: 1536261767371
  lastteleport: 1536260974143
ipAddress: 5.100.45.214
lastlocation:
  world: world
  x: -2095.5126456442595
  y: 71.27691945062679
  z: -545.2088909440371
  yaw: -107.645905
  pitch: 24.60829
logoutlocation:
  world: world
  x: -2077.347213161033
  y: 64.33134556329493
  z: -594.3436611387598
  yaw: -275.16913
  pitch: 34.128845
afk: false
homes:
  home:
    world: world
    x: 89.51091824803935
    y: 71.0
    z: 193.57834099905807
    yaw: 136.74036
    pitch: 11.849908
