uuid: bcb341ca-4a16-4bda-ad95-ad56b03f3dcb
timestamps:
  login: 1535963297643
  logout: 1535963397882
  lastteleport: 1534182648609
ipAddress: 5.100.20.34
lastlocation:
  world: world
  x: -2085.699999988079
  y: 68.0
  z: -509.69999998807907
  yaw: 155.15637
  pitch: 15.558552
logoutlocation:
  world: world
  x: -2047.128836566092
  y: 38.0
  z: -524.653559593861
  yaw: 176.36853
  pitch: 25.229357
afk: false
homes:
  home:
    world: world
    x: 89.51091824803935
    y: 71.0
    z: 193.57834099905807
    yaw: 136.74036
    pitch: 11.849908
