uuid: bcb341ca-4a16-4bda-ad95-ad56b03f3dcb
timestamps:
  login: 1533154348903
  logout: 1533154595019
  lastteleport: 1533148544537
ipAddress: 5.100.36.188
lastlocation:
  world: world
  x: -2093.1675639158752
  y: 67.0
  z: -546.0371505069379
  yaw: -15.412492
  pitch: 25.788555
logoutlocation:
  world: world
  x: -2110.0787936489687
  y: 31.0
  z: -486.95791714734895
  yaw: -120.252045
  pitch: 2.60406
afk: false
homes:
  home:
    world: world
    x: 89.51091824803935
    y: 71.0
    z: 193.57834099905807
    yaw: 136.74036
    pitch: 11.849908
