uuid: bcb341ca-4a16-4bda-ad95-ad56b03f3dcb
timestamps:
  login: 1536773087503
  logout: 1536773281568
  lastteleport: 1536773231682
ipAddress: 5.100.47.120
lastlocation:
  world: world
  x: -2071.772516272742
  y: 70.97954591431615
  z: -533.8729673487513
  yaw: -60.414856
  pitch: 18.956537
logoutlocation:
  world: world
  x: 212.30000001192093
  y: 65.0
  z: 200.6641643498642
  yaw: -13.841879
  pitch: 51.01798
afk: false
homes:
  home:
    world: world
    x: 89.51091824803935
    y: 71.0
    z: 193.57834099905807
    yaw: 136.74036
    pitch: 11.849908
