uuid: bcb341ca-4a16-4bda-ad95-ad56b03f3dcb
timestamps:
  login: 1523900389879
  logout: 1523905190431
  lastteleport: 1523741238413
ipAddress: 5.100.45.184
lastlocation:
  world: world
  x: 86.08070692615051
  y: 71.0
  z: 215.77674307288882
  yaw: -253.31482
  pitch: 47.549953
logoutlocation:
  world: world
  x: 90.6136778734623
  y: 64.625
  z: 269.4695447870355
  yaw: 250.04968
  pitch: 4.199932
afk: false
homes:
  home:
    world: DIM-29
    x: 69.04384629129893
    y: 93.0
    z: 308.8605556958566
    yaw: -358.95044
    pitch: -4.649949
