uuid: bcb341ca-4a16-4bda-ad95-ad56b03f3dcb
timestamps:
  login: 1529002061152
  logout: 1529002075498
  lastteleport: 1526669200061
ipAddress: 5.100.23.8
lastlocation:
  world: DIM-112
  x: -553.4251571600479
  y: 68.56555380688737
  z: 785.1114757322105
  yaw: 314.79114
  pitch: 20.100052
logoutlocation:
  world: world
  x: -2117.795718023929
  y: 47.0
  z: -507.42215194065096
  yaw: -342.8272
  pitch: 3.9779792
afk: false
homes:
  home:
    world: world
    x: 89.51091824803935
    y: 71.0
    z: 193.57834099905807
    yaw: 136.74036
    pitch: 11.849908
