uuid: bcb341ca-4a16-4bda-ad95-ad56b03f3dcb
timestamps:
  login: 1525025683709
  logout: 1525026972197
  lastteleport: 1525015518246
ipAddress: 5.100.38.194
lastlocation:
  world: world
  x: 98.08078968811066
  y: 71.0
  z: 187.25669142750655
  yaw: 75.13256
  pitch: 19.200163
logoutlocation:
  world: world
  x: 68.35625807521681
  y: 55.0
  z: 174.73914575241736
  yaw: -220.80055
  pitch: 15.4499655
afk: false
homes:
  home:
    world: DIM-29
    x: 69.04384629129893
    y: 93.0
    z: 308.8605556958566
    yaw: -358.95044
    pitch: -4.649949
