uuid: bcb341ca-4a16-4bda-ad95-ad56b03f3dcb
timestamps:
  login: 1534445526375
  logout: 1534447793927
  lastteleport: 1534182648609
ipAddress: 5.100.36.188
lastlocation:
  world: world
  x: -2085.699999988079
  y: 68.0
  z: -509.69999998807907
  yaw: 155.15637
  pitch: 15.558552
logoutlocation:
  world: world
  x: -2041.757234653006
  y: 41.2000000476837
  z: -504.6046132184956
  yaw: 20.546692
  pitch: 34.900543
afk: false
homes:
  home:
    world: world
    x: 89.51091824803935
    y: 71.0
    z: 193.57834099905807
    yaw: 136.74036
    pitch: 11.849908
