uuid: bcb341ca-4a16-4bda-ad95-ad56b03f3dcb
timestamps:
  login: 1533313933747
  logout: 1533316540912
  lastteleport: 1533316397236
ipAddress: 5.100.36.188
lastlocation:
  world: world
  x: -2044.1063559823244
  y: 38.0
  z: -523.801798211721
  yaw: -252.40417
  pitch: 34.723114
logoutlocation:
  world: world
  x: -2092.1925742546196
  y: 67.0
  z: -546.6620891351163
  yaw: 7.567772
  pitch: 23.126747
afk: false
homes:
  home:
    world: world
    x: 89.51091824803935
    y: 71.0
    z: 193.57834099905807
    yaw: 136.74036
    pitch: 11.849908
