uuid: bcb341ca-4a16-4bda-ad95-ad56b03f3dcb
timestamps:
  login: 1523552054444
  logout: 1523559220841
  lastteleport: 1523555039593
ipAddress: 5.100.39.198
lastlocation:
  world: world
  x: 72.2458632376645
  y: 55.0
  z: 180.84828008199773
  yaw: -109.65027
  pitch: 9.600073
logoutlocation:
  world: world
  x: 74.80739679458426
  y: 55.0
  z: 180.48455386148797
  yaw: -31.199036
  pitch: 0.900166
afk: false
homes:
  home:
    world: DIM-29
    x: 69.04384629129893
    y: 93.0
    z: 308.8605556958566
    yaw: -358.95044
    pitch: -4.649949
