uuid: bcb341ca-4a16-4bda-ad95-ad56b03f3dcb
timestamps:
  login: 1531417527646
  logout: 1531417875802
  lastteleport: 1530034172671
ipAddress: 5.100.46.157
lastlocation:
  world: world
  x: -2092.7739796352303
  y: 67.0
  z: -540.2586363181316
  yaw: -79.65344
  pitch: 11.743042
logoutlocation:
  world: world
  x: -2055.3550565099854
  y: 38.0
  z: -526.6184123273006
  yaw: -288.4103
  pitch: 26.649042
afk: false
homes:
  home:
    world: world
    x: 89.51091824803935
    y: 71.0
    z: 193.57834099905807
    yaw: 136.74036
    pitch: 11.849908
