uuid: bcb341ca-4a16-4bda-ad95-ad56b03f3dcb
timestamps:
  login: 1526062875970
  logout: 1526063716668
  lastteleport: 1526058546094
ipAddress: 5.100.39.253
lastlocation:
  world: world
  x: 77.29279178916588
  y: 55.0
  z: 179.43223703505885
  yaw: 90.60025
  pitch: 31.95003
logoutlocation:
  world: world
  x: 92.81247049260612
  y: 71.0
  z: 203.8696250569501
  yaw: -244.04958
  pitch: 4.650016
afk: false
homes:
  home:
    world: DIM-29
    x: 69.04384629129893
    y: 93.0
    z: 308.8605556958566
    yaw: -358.95044
    pitch: -4.649949
