uuid: bcb341ca-4a16-4bda-ad95-ad56b03f3dcb
timestamps:
  login: 1529332386866
  logout: 1529332758919
  lastteleport: 1529245503118
ipAddress: 5.100.34.151
lastlocation:
  world: world
  x: 263.72008917268215
  y: 72.0
  z: 122.0188149561142
  yaw: -128.88486
  pitch: 0.088741094
logoutlocation:
  world: world
  x: -2103.0118450181844
  y: 64.375
  z: -566.488357062348
  yaw: 294.92126
  pitch: 10.704986
afk: false
homes:
  home:
    world: world
    x: 89.51091824803935
    y: 71.0
    z: 193.57834099905807
    yaw: 136.74036
    pitch: 11.849908
