uuid: bcb341ca-4a16-4bda-ad95-ad56b03f3dcb
timestamps:
  login: 1533645156809
  logout: 1533652360989
  lastteleport: 1533649809830
ipAddress: 5.100.36.188
lastlocation:
  world: world
  x: -2134.2645711121068
  y: 93.46949660226981
  z: -543.0261477309604
  yaw: 276.8592
  pitch: 21.769018
logoutlocation:
  world: world
  x: -2131.1796484500946
  y: 51.0
  z: -500.9736347444681
  yaw: -105.99927
  pitch: 13.251261
afk: false
homes:
  home:
    world: world
    x: 89.51091824803935
    y: 71.0
    z: 193.57834099905807
    yaw: 136.74036
    pitch: 11.849908
