uuid: bcb341ca-4a16-4bda-ad95-ad56b03f3dcb
timestamps:
  login: 1524067605809
  logout: 1524076723819
  lastteleport: 1523741238413
ipAddress: 5.100.39.156
lastlocation:
  world: world
  x: 86.08070692615051
  y: 71.0
  z: 215.77674307288882
  yaw: -253.31482
  pitch: 47.549953
logoutlocation:
  world: world
  x: 69.54831953962595
  y: 71.0
  z: 206.957837657603
  yaw: -358.49707
  pitch: 5.8499346
afk: false
homes:
  home:
    world: DIM-29
    x: 69.04384629129893
    y: 93.0
    z: 308.8605556958566
    yaw: -358.95044
    pitch: -4.649949
