uuid: bcb341ca-4a16-4bda-ad95-ad56b03f3dcb
timestamps:
  login: 1525619937030
  logout: 1525619983175
  lastteleport: 1525469519330
ipAddress: 5.100.35.136
lastlocation:
  world: world
  x: -547.3582486525002
  y: 65.26522549290024
  z: 790.2299681581724
  yaw: 43.496223
  pitch: 14.849991
logoutlocation:
  world: world
  x: 91.67282245799272
  y: 71.0
  z: 210.3787234515961
  yaw: -4.2008057
  pitch: 36.89999
afk: false
homes:
  home:
    world: DIM-29
    x: 69.04384629129893
    y: 93.0
    z: 308.8605556958566
    yaw: -358.95044
    pitch: -4.649949
