uuid: bcb341ca-4a16-4bda-ad95-ad56b03f3dcb
timestamps:
  login: 1530629068628
  logout: 1530633252929
  lastteleport: 1530034172671
ipAddress: 5.100.21.179
lastlocation:
  world: world
  x: -2092.7739796352303
  y: 67.0
  z: -540.2586363181316
  yaw: -79.65344
  pitch: 11.743042
logoutlocation:
  world: world
  x: -2116.797093038585
  y: 43.0
  z: -500.0369050479294
  yaw: -328.01883
  pitch: 9.702299
afk: false
homes:
  home:
    world: world
    x: 89.51091824803935
    y: 71.0
    z: 193.57834099905807
    yaw: 136.74036
    pitch: 11.849908
