uuid: bcb341ca-4a16-4bda-ad95-ad56b03f3dcb
timestamps:
  login: 1523649995034
  logout: 1523660291295
  lastteleport: 1523555039593
ipAddress: 5.100.39.198
lastlocation:
  world: world
  x: 72.2458632376645
  y: 55.0
  z: 180.84828008199773
  yaw: -109.65027
  pitch: 9.600073
logoutlocation:
  world: world
  x: 96.38294981589831
  y: 71.0
  z: 213.86436031535214
  yaw: 148.20294
  pitch: 8.700243
afk: false
homes:
  home:
    world: DIM-29
    x: 69.04384629129893
    y: 93.0
    z: 308.8605556958566
    yaw: -358.95044
    pitch: -4.649949
