uuid: bcb341ca-4a16-4bda-ad95-ad56b03f3dcb
timestamps:
  login: 1533752356318
  logout: 1533755102316
  lastteleport: 1533649809830
ipAddress: 5.100.36.188
lastlocation:
  world: world
  x: -2134.2645711121068
  y: 93.46949660226981
  z: -543.0261477309604
  yaw: 276.8592
  pitch: 21.769018
logoutlocation:
  world: world
  x: -2105.3778734140747
  y: 38.415518619838444
  z: -521.0670041598005
  yaw: 200.54858
  pitch: 22.74504
afk: false
homes:
  home:
    world: world
    x: 89.51091824803935
    y: 71.0
    z: 193.57834099905807
    yaw: 136.74036
    pitch: 11.849908
