uuid: bcb341ca-4a16-4bda-ad95-ad56b03f3dcb
timestamps:
  login: 1532715847882
  logout: 1532717778211
  lastteleport: 1532716044868
ipAddress: 5.100.36.188
lastlocation:
  world: world
  x: -2086.1628704857785
  y: 67.0
  z: -540.9264611718877
  yaw: -86.042114
  pitch: -15.1412945
logoutlocation:
  world: world
  x: -2090.3736117311128
  y: 67.0
  z: -545.6697598481143
  yaw: -329.06232
  pitch: 29.6658
afk: false
homes:
  home:
    world: world
    x: 89.51091824803935
    y: 71.0
    z: 193.57834099905807
    yaw: 136.74036
    pitch: 11.849908
