uuid: bcb341ca-4a16-4bda-ad95-ad56b03f3dcb
timestamps:
  login: 1525192694843
  logout: 1525192995240
  lastteleport: 1525015518246
ipAddress: 5.100.35.252
lastlocation:
  world: world
  x: 98.08078968811066
  y: 71.0
  z: 187.25669142750655
  yaw: 75.13256
  pitch: 19.200163
logoutlocation:
  world: world
  x: 109.15067625750225
  y: 81.83368790742529
  z: 210.49457639860466
  yaw: 125.40976
  pitch: 34.04989
afk: false
homes:
  home:
    world: DIM-29
    x: 69.04384629129893
    y: 93.0
    z: 308.8605556958566
    yaw: -358.95044
    pitch: -4.649949
