uuid: bcb341ca-4a16-4bda-ad95-ad56b03f3dcb
timestamps:
  login: 1523813635249
  logout: 1523818690872
  lastteleport: 1523741238413
ipAddress: 5.100.45.184
lastlocation:
  world: world
  x: 86.08070692615051
  y: 71.0
  z: 215.77674307288882
  yaw: -253.31482
  pitch: 47.549953
logoutlocation:
  world: world
  x: 95.73936434114162
  y: 63.0
  z: 269.01153267310536
  yaw: -356.24365
  pitch: 10.04992
afk: false
homes:
  home:
    world: DIM-29
    x: 69.04384629129893
    y: 93.0
    z: 308.8605556958566
    yaw: -358.95044
    pitch: -4.649949
