uuid: bcb341ca-4a16-4bda-ad95-ad56b03f3dcb
timestamps:
  login: 1526575234111
  logout: 1526577914266
  lastteleport: 1526574292557
ipAddress: 5.100.34.240
lastlocation:
  world: world
  x: -28.33462223903858
  y: 64.0
  z: 270.19160111757463
  yaw: -55.408936
  pitch: -0.14994867
logoutlocation:
  world: world
  x: 86.36404794544684
  y: 75.04459990979848
  z: 212.37715194237884
  yaw: 183.31555
  pitch: -1.499962
afk: false
homes:
  home:
    world: world
    x: 89.51091824803935
    y: 71.0
    z: 193.57834099905807
    yaw: 136.74036
    pitch: 11.849908
