uuid: bcb341ca-4a16-4bda-ad95-ad56b03f3dcb
timestamps:
  login: 1526156898973
  logout: 1526157102285
  lastteleport: 1526058546094
ipAddress: 5.100.42.38
lastlocation:
  world: world
  x: 77.29279178916588
  y: 55.0
  z: 179.43223703505885
  yaw: 90.60025
  pitch: 31.95003
logoutlocation:
  world: DIM-112
  x: -542.6330999201281
  y: 65.0
  z: 776.3977030855858
  yaw: 36.842285
  pitch: 12.449953
afk: false
homes:
  home:
    world: world
    x: 89.51091824803935
    y: 71.0
    z: 193.57834099905807
    yaw: 136.74036
    pitch: 11.849908
