uuid: bcb341ca-4a16-4bda-ad95-ad56b03f3dcb
timestamps:
  login: 1523463276012
  logout: 1523469383310
  lastteleport: 1523467613183
ipAddress: 5.100.39.198
lastlocation:
  world: world
  x: 77.91389570411384
  y: 55.0
  z: 176.50507940761537
  yaw: -41.098587
  pitch: 6.8997
logoutlocation:
  world: world
  x: 78.78205437190358
  y: 55.0
  z: 179.5764907023464
  yaw: 25.950806
  pitch: 2.8498502
afk: false
homes:
  home:
    world: DIM-29
    x: 69.04384629129893
    y: 93.0
    z: 308.8605556958566
    yaw: -358.95044
    pitch: -4.649949
