uuid: bcb341ca-4a16-4bda-ad95-ad56b03f3dcb
timestamps:
  login: 1528492701366
  logout: 1528496690272
  lastteleport: 1526669200061
ipAddress: 5.100.45.240
lastlocation:
  world: DIM-112
  x: -553.4251571600479
  y: 68.56555380688737
  z: 785.1114757322105
  yaw: 314.79114
  pitch: 20.100052
logoutlocation:
  world: world
  x: -2119.4441949080456
  y: 43.0
  z: -516.7681977771895
  yaw: -99.30515
  pitch: 12.097888
afk: false
homes:
  home:
    world: world
    x: 89.51091824803935
    y: 71.0
    z: 193.57834099905807
    yaw: 136.74036
    pitch: 11.849908
