uuid: bcb341ca-4a16-4bda-ad95-ad56b03f3dcb
timestamps:
  login: 1523739627844
  logout: 1523747472829
  lastteleport: 1523741238413
ipAddress: 5.100.45.184
lastlocation:
  world: world
  x: 57.46945067864575
  y: 11.0
  z: 214.6100831585514
  yaw: -197.39856
  pitch: -71.09994
logoutlocation:
  world: world
  x: 89.75278664988276
  y: 63.0
  z: 265.5317547562571
  yaw: -317.56277
  pitch: 1.9498175
afk: false
homes:
  home:
    world: DIM-29
    x: 69.04384629129893
    y: 93.0
    z: 308.8605556958566
    yaw: -358.95044
    pitch: -4.649949
