uuid: bcb341ca-4a16-4bda-ad95-ad56b03f3dcb
timestamps:
  login: 1523987080821
  logout: 1523989923791
  lastteleport: 1523741238413
ipAddress: 5.100.45.184
lastlocation:
  world: world
  x: 86.08070692615051
  y: 71.0
  z: 215.77674307288882
  yaw: -253.31482
  pitch: 47.549953
logoutlocation:
  world: world
  x: 80.51117614036262
  y: 72.27882139915464
  z: 246.42135485937712
  yaw: 182.85277
  pitch: 3.5999198
afk: false
homes:
  home:
    world: DIM-29
    x: 69.04384629129893
    y: 93.0
    z: 308.8605556958566
    yaw: -358.95044
    pitch: -4.649949
