uuid: bcb341ca-4a16-4bda-ad95-ad56b03f3dcb
timestamps:
  login: 1531829332183
  logout: 1531830188678
  lastteleport: 1530034172671
ipAddress: 5.100.47.228
lastlocation:
  world: world
  x: -2092.7739796352303
  y: 67.0
  z: -540.2586363181316
  yaw: -79.65344
  pitch: 11.743042
logoutlocation:
  world: world
  x: -2116.935853760261
  y: 47.0
  z: -518.6598816478709
  yaw: -17.790323
  pitch: -1.6547992
afk: false
homes:
  home:
    world: world
    x: 89.51091824803935
    y: 71.0
    z: 193.57834099905807
    yaw: 136.74036
    pitch: 11.849908
