uuid: bcb341ca-4a16-4bda-ad95-ad56b03f3dcb
timestamps:
  login: 1540581235533
  logout: 1540581302079
  lastteleport: 1536773231682
ipAddress: 5.100.44.70
lastlocation:
  world: world
  x: -2071.772516272742
  y: 70.97954591431615
  z: -533.8729673487513
  yaw: -60.414856
  pitch: 18.956537
logoutlocation:
  world: world
  x: -2011.8552632648248
  y: 73.64204587855339
  z: -553.7673446202393
  yaw: 20.39746
  pitch: 18.158052
afk: false
homes:
  home:
    world: world
    x: 89.51091824803935
    y: 71.0
    z: 193.57834099905807
    yaw: 136.74036
    pitch: 11.849908
