uuid: bcb341ca-4a16-4bda-ad95-ad56b03f3dcb
timestamps:
  login: 1525970306641
  logout: 1525972515527
  lastteleport: 1525469519330
ipAddress: 5.100.41.61
lastlocation:
  world: world
  x: -547.3582486525002
  y: 65.26522549290024
  z: 790.2299681581724
  yaw: 43.496223
  pitch: 14.849991
logoutlocation:
  world: world
  x: 229.875590799606
  y: 73.98117058848594
  z: 129.49302307487145
  yaw: 147.00134
  pitch: -12.300153
afk: false
homes:
  home:
    world: DIM-29
    x: 69.04384629129893
    y: 93.0
    z: 308.8605556958566
    yaw: -358.95044
    pitch: -4.649949
