uuid: bcb341ca-4a16-4bda-ad95-ad56b03f3dcb
timestamps:
  login: 1530889258799
  logout: 1530889984364
  lastteleport: 1530034172671
ipAddress: 5.100.33.208
lastlocation:
  world: world
  x: -2092.7739796352303
  y: 67.0
  z: -540.2586363181316
  yaw: -79.65344
  pitch: 11.743042
logoutlocation:
  world: world
  x: -2119.893835366823
  y: 47.0
  z: -504.5499623797416
  yaw: 74.21617
  pitch: -4.9994745
afk: false
homes:
  home:
    world: world
    x: 89.51091824803935
    y: 71.0
    z: 193.57834099905807
    yaw: 136.74036
    pitch: 11.849908
