uuid: bcb341ca-4a16-4bda-ad95-ad56b03f3dcb
timestamps:
  login: 1536936323109
  logout: 1536937783839
  lastteleport: 1536773231682
ipAddress: 5.100.44.8
lastlocation:
  world: world
  x: -2071.772516272742
  y: 70.97954591431615
  z: -533.8729673487513
  yaw: -60.414856
  pitch: 18.956537
logoutlocation:
  world: world
  x: -2094.2241170786206
  y: 73.18621894940199
  z: -549.9216413725662
  yaw: -26.59264
  pitch: 36.169582
afk: false
homes:
  home:
    world: world
    x: 89.51091824803935
    y: 71.0
    z: 193.57834099905807
    yaw: 136.74036
    pitch: 11.849908
