uuid: bcb341ca-4a16-4bda-ad95-ad56b03f3dcb
timestamps:
  login: 1532876208474
  logout: 1532876950935
  lastteleport: 1532814921767
ipAddress: 5.100.36.188
lastlocation:
  world: world
  x: -2081.197750732329
  y: 72.00764496300943
  z: -533.6201472211719
  yaw: 232.04758
  pitch: 54.59797
logoutlocation:
  world: world
  x: -2054.9009576429353
  y: 38.0
  z: -522.6859561546362
  yaw: 22.668629
  pitch: 10.145871
afk: false
homes:
  home:
    world: world
    x: 89.51091824803935
    y: 71.0
    z: 193.57834099905807
    yaw: 136.74036
    pitch: 11.849908
