uuid: bcb341ca-4a16-4bda-ad95-ad56b03f3dcb
timestamps:
  login: 1524153992470
  logout: 1524163345570
  lastteleport: 1523741238413
ipAddress: 5.100.43.168
lastlocation:
  world: world
  x: 86.08070692615051
  y: 71.0
  z: 215.77674307288882
  yaw: -253.31482
  pitch: 47.549953
logoutlocation:
  world: world
  x: 81.17085966599527
  y: 71.0
  z: 215.24435407085585
  yaw: 77.40438
  pitch: -9.150037
afk: false
homes:
  home:
    world: DIM-29
    x: 69.04384629129893
    y: 93.0
    z: 308.8605556958566
    yaw: -358.95044
    pitch: -4.649949
