uuid: bcb341ca-4a16-4bda-ad95-ad56b03f3dcb
timestamps:
  login: 1526674193501
  logout: 1526677570005
  lastteleport: 1526669200061
ipAddress: 5.100.22.88
lastlocation:
  world: DIM-112
  x: -553.4251571600479
  y: 68.56555380688737
  z: 785.1114757322105
  yaw: 314.79114
  pitch: 20.100052
logoutlocation:
  world: world
  x: 107.25790680329834
  y: 71.0
  z: 236.93296426922456
  yaw: -49.41061
  pitch: -19.499853
afk: false
homes:
  home:
    world: world
    x: 89.51091824803935
    y: 71.0
    z: 193.57834099905807
    yaw: 136.74036
    pitch: 11.849908
