uuid: bcb341ca-4a16-4bda-ad95-ad56b03f3dcb
timestamps:
  login: 1524862534560
  logout: 1524864599372
  lastteleport: 1523741238413
ipAddress: 5.100.40.159
lastlocation:
  world: world
  x: 86.08070692615051
  y: 71.0
  z: 215.77674307288882
  yaw: -253.31482
  pitch: 47.549953
logoutlocation:
  world: world
  x: 63.830494644810734
  y: 54.0
  z: 190.37137234980938
  yaw: -66.14262
  pitch: 13.499943
afk: false
homes:
  home:
    world: DIM-29
    x: 69.04384629129893
    y: 93.0
    z: 308.8605556958566
    yaw: -358.95044
    pitch: -4.649949
