uuid: bcb341ca-4a16-4bda-ad95-ad56b03f3dcb
timestamps:
  login: 1530029216204
  logout: 1530034317865
  lastteleport: 1530034172671
ipAddress: 5.100.37.76
lastlocation:
  world: world
  x: -2092.7739796352303
  y: 67.0
  z: -540.2586363181316
  yaw: -79.65344
  pitch: 11.743042
logoutlocation:
  world: world
  x: -2100.821261757737
  y: 71.0
  z: -535.4622245531039
  yaw: -140.92572
  pitch: 48.059032
afk: false
homes:
  home:
    world: world
    x: 89.51091824803935
    y: 71.0
    z: 193.57834099905807
    yaw: 136.74036
    pitch: 11.849908
