uuid: bcb341ca-4a16-4bda-ad95-ad56b03f3dcb
timestamps:
  login: 1524946005708
  logout: 1524956698941
  lastteleport: 1523741238413
ipAddress: 5.100.37.210
lastlocation:
  world: world
  x: 86.08070692615051
  y: 71.0
  z: 215.77674307288882
  yaw: -253.31482
  pitch: 47.549953
logoutlocation:
  world: world
  x: 106.83980564183152
  y: 63.0
  z: 268.86465746528376
  yaw: 66.4429
  pitch: -1.3498223
afk: false
homes:
  home:
    world: DIM-29
    x: 69.04384629129893
    y: 93.0
    z: 308.8605556958566
    yaw: -358.95044
    pitch: -4.649949
