uuid: bcb341ca-4a16-4bda-ad95-ad56b03f3dcb
timestamps:
  login: 1533071922994
  logout: 1533078661275
  lastteleport: 1533077996532
ipAddress: 5.100.36.188
lastlocation:
  world: world
  x: -2090.504999213648
  y: 67.0
  z: -545.0540790519386
  yaw: -72.641304
  pitch: 18.335491
logoutlocation:
  world: world
  x: -2091.424972704059
  y: 67.0
  z: -547.4632594079454
  yaw: -82.36603
  pitch: 14.493422
afk: false
homes:
  home:
    world: world
    x: 89.51091824803935
    y: 71.0
    z: 193.57834099905807
    yaw: 136.74036
    pitch: 11.849908
