uuid: bcb341ca-4a16-4bda-ad95-ad56b03f3dcb
timestamps:
  login: 1526306762307
  logout: 1526308529270
  lastteleport: 1526307525662
ipAddress: 5.100.34.240
lastlocation:
  world: DIM-112
  x: -556.8265488395215
  y: 65.0
  z: 790.3249117462739
  yaw: 251.94006
  pitch: 17.399971
logoutlocation:
  world: DIM-112
  x: -547.2899423243152
  y: 65.0
  z: 776.3798427288933
  yaw: 267.3911
  pitch: 0.5999417
afk: false
homes:
  home:
    world: world
    x: 89.51091824803935
    y: 71.0
    z: 193.57834099905807
    yaw: 136.74036
    pitch: 11.849908
