uuid: bcb341ca-4a16-4bda-ad95-ad56b03f3dcb
timestamps:
  login: 1532621248584
  logout: 1532451264808
  lastteleport: 1532620380410
ipAddress: 5.100.36.188
lastlocation:
  world: world
  x: -2094.3175993154787
  y: 67.0
  z: -545.4279933095506
  yaw: 13.423811
  pitch: 7.3333807
logoutlocation:
  world: world
  x: -2095.164631147111
  y: 67.0
  z: -544.3000000119209
  yaw: 63.731934
  pitch: 2.3646772
afk: false
homes:
  home:
    world: world
    x: 89.51091824803935
    y: 71.0
    z: 193.57834099905807
    yaw: 136.74036
    pitch: 11.849908
