uuid: bcb341ca-4a16-4bda-ad95-ad56b03f3dcb
timestamps:
  login: 1529593794258
  logout: 1529593855320
  lastteleport: 1529426472470
ipAddress: 5.100.34.219
lastlocation:
  world: world
  x: 286.193573679712
  y: 85.55749979615223
  z: 153.02628825947232
  yaw: -119.42639
  pitch: 39.927044
logoutlocation:
  world: world
  x: -2110.0861220028632
  y: 31.0
  z: -520.3782059218076
  yaw: -184.7569
  pitch: 2.9856951
afk: false
homes:
  home:
    world: world
    x: 89.51091824803935
    y: 71.0
    z: 193.57834099905807
    yaw: 136.74036
    pitch: 11.849908
