uuid: bcb341ca-4a16-4bda-ad95-ad56b03f3dcb
timestamps:
  login: 1532448822062
  logout: 1532451264808
  lastteleport: 1532450506222
ipAddress: 5.100.47.228
lastlocation:
  world: world
  x: -2092.6061636404306
  y: 67.0
  z: -545.9986343342147
  yaw: -90.564125
  pitch: 25.16746
logoutlocation:
  world: world
  x: -2095.164631147111
  y: 67.0
  z: -544.3000000119209
  yaw: 63.731934
  pitch: 2.3646772
afk: false
homes:
  home:
    world: world
    x: 89.51091824803935
    y: 71.0
    z: 193.57834099905807
    yaw: 136.74036
    pitch: 11.849908
