uuid: bcb341ca-4a16-4bda-ad95-ad56b03f3dcb
timestamps:
  login: 1530720882533
  logout: 1530726545205
  lastteleport: 1530034172671
ipAddress: 5.100.44.230
lastlocation:
  world: world
  x: -2092.7739796352303
  y: 67.0
  z: -540.2586363181316
  yaw: -79.65344
  pitch: 11.743042
logoutlocation:
  world: world
  x: -2058.3130241002145
  y: 35.488187784246385
  z: -513.1261468634691
  yaw: 169.004
  pitch: 12.807585
afk: false
homes:
  home:
    world: world
    x: 89.51091824803935
    y: 71.0
    z: 193.57834099905807
    yaw: 136.74036
    pitch: 11.849908
