uuid: bcb341ca-4a16-4bda-ad95-ad56b03f3dcb
timestamps:
  login: 1530195020896
  logout: 1530197821490
  lastteleport: 1530034172671
ipAddress: 5.100.36.96
lastlocation:
  world: world
  x: -2092.7739796352303
  y: 67.0
  z: -540.2586363181316
  yaw: -79.65344
  pitch: 11.743042
logoutlocation:
  world: world
  x: -2042.7604126152423
  y: 37.26562004195083
  z: -513.5555195391785
  yaw: -180.66144
  pitch: 13.455524
afk: false
homes:
  home:
    world: world
    x: 89.51091824803935
    y: 71.0
    z: 193.57834099905807
    yaw: 136.74036
    pitch: 11.849908
