uuid: bcb341ca-4a16-4bda-ad95-ad56b03f3dcb
timestamps:
  login: 1525122235043
  logout: 1525127299919
  lastteleport: 1525015518246
ipAddress: 5.100.41.201
lastlocation:
  world: world
  x: 98.08078968811066
  y: 71.0
  z: 187.25669142750655
  yaw: 75.13256
  pitch: 19.200163
logoutlocation:
  world: world
  x: 85.65206870562596
  y: 71.0
  z: 220.99592184441863
  yaw: 290.09915
  pitch: 6.599975
afk: false
homes:
  home:
    world: DIM-29
    x: 69.04384629129893
    y: 93.0
    z: 308.8605556958566
    yaw: -358.95044
    pitch: -4.649949
