uuid: 3480aa19-cbbf-4043-9693-4f19e6848790
timestamps:
  login: 1534898078339
  lastteleport: 1534898460095
  logout: 1534898480098
ipAddress: 178.113.143.182
lastlocation:
  world: world
  x: 68.60669227602483
  y: 71.0
  z: 233.21281142298648
  yaw: 0.7499642
  pitch: 5.2500033
logoutlocation:
  world: world
  x: 231.4195425258142
  y: 71.0
  z: 128.85382379000498
  yaw: 209.40001
  pitch: 16.65001
