uuid: af6718ae-82b8-4c41-a28e-a555707fa868
timestamps:
  login: 1532996198228
  lastteleport: 1532990791299
  logout: 1532967906299
ipAddress: 77.116.143.1
lastlocation:
  world: world
  x: -2094.605217965128
  y: 67.0
  z: -545.4261539262811
  yaw: 301.04944
  pitch: 23.099913
homes:
  home:
    world: world
    x: 1153.1565682005062
    y: 69.0
    z: 299.82409827060303
    yaw: -269.39456
    pitch: 11.700043
logoutlocation:
  world: world
  x: -0.9136678634901959
  y: 65.0
  z: 285.23521878239677
  yaw: -89.250854
  pitch: 3.1500027
afk: true
ban:
  reason: '§4Banned:

    §rThe Ban Hammer has spoken!'
  timeout: 0
