uuid: af6718ae-82b8-4c41-a28e-a555707fa868
timestamps:
  login: 1533155125519
  lastteleport: 1533128142076
  logout: 1533134586759
ipAddress: 77.116.165.170
lastlocation:
  world: world
  x: 21.829414860459394
  y: 6.0
  z: 294.59733577079885
  yaw: -126.75039
  pitch: 3.7500446
homes:
  home:
    world: world
    x: 1153.1565682005062
    y: 69.0
    z: 299.82409827060303
    yaw: -269.39456
    pitch: 11.700043
logoutlocation:
  world: world
  x: 6.352137608441065
  y: 6.0000000047683715
  z: 290.30000001192093
  yaw: -241.20032
  pitch: 42.300053
afk: true
ban:
  reason: '§4Banned:

    §rThe Ban Hammer has spoken!'
  timeout: 0
