uuid: af6718ae-82b8-4c41-a28e-a555707fa868
timestamps:
  login: 1534380544615
  lastteleport: 1534386933937
  logout: 1534379970176
ipAddress: 178.113.143.182
lastlocation:
  world: world
  x: 21.77473914023956
  y: 66.0
  z: 507.30000001192093
  yaw: -27.80661
  pitch: 20.63872
homes:
  home:
    world: world
    x: 1153.1565682005062
    y: 69.0
    z: 299.82409827060303
    yaw: -269.39456
    pitch: 11.700043
logoutlocation:
  world: world
  x: 796.158827768614
  y: 112.0
  z: 793.1240943755181
  yaw: -162.74928
  pitch: 3.4499984
afk: false
ban:
  reason: '§4Banned:

    §rThe Ban Hammer has spoken!'
  timeout: 0
