uuid: af6718ae-82b8-4c41-a28e-a555707fa868
timestamps:
  login: 1532569224883
  lastteleport: 1532551851917
  logout: 1532570038998
ipAddress: 77.116.189.235
lastlocation:
  world: DIM1
  x: 10008.535708123916
  y: 95.0
  z: 0.8809114515785724
  yaw: 114.750175
  pitch: 60.450024
homes:
  home:
    world: world
    x: 793.9789543718342
    y: 96.0
    z: 785.7930656442013
    yaw: -290.39975
    pitch: 20.250053
logoutlocation:
  world: world
  x: 289.54878033340884
  y: 68.0
  z: -676.9423194943975
  yaw: -81.89731
  pitch: 36.000076
afk: false
ban:
  reason: '§4Banned:

    §rThe Ban Hammer has spoken!'
  timeout: 0
