uuid: af6718ae-82b8-4c41-a28e-a555707fa868
timestamps:
  login: 1533313038510
  lastteleport: 1533296748711
  logout: 1533324976271
ipAddress: 77.116.165.170
lastlocation:
  world: world
  x: 21.257366685078388
  y: 68.0
  z: 298.21100535886245
  yaw: 302.8503
  pitch: 8.699966
homes:
  home:
    world: world
    x: 1153.1565682005062
    y: 69.0
    z: 299.82409827060303
    yaw: -269.39456
    pitch: 11.700043
logoutlocation:
  world: world
  x: -33.69999998807907
  y: 82.0
  z: 203.30000001192093
  yaw: 93.75039
  pitch: 59.850014
afk: false
ban:
  reason: '§4Banned:

    §rThe Ban Hammer has spoken!'
  timeout: 0
