uuid: af6718ae-82b8-4c41-a28e-a555707fa868
timestamps:
  login: 1533254988887
  lastteleport: 1533235842596
  logout: 1533241603688
ipAddress: 77.116.165.170
lastlocation:
  world: world
  x: -1.2670498873755487
  y: 65.00000000476837
  z: 278.1872009505127
  yaw: 987.75037
  pitch: 4.499963
homes:
  home:
    world: world
    x: 1153.1565682005062
    y: 69.0
    z: 299.82409827060303
    yaw: -269.39456
    pitch: 11.700043
logoutlocation:
  world: world
  x: -33.53170453426121
  y: 82.0
  z: 203.30000001192093
  yaw: -249.14972
  pitch: 41.400024
afk: true
ban:
  reason: '§4Banned:

    §rThe Ban Hammer has spoken!'
  timeout: 0
