uuid: af6718ae-82b8-4c41-a28e-a555707fa868
timestamps:
  login: 1532462909316
  lastteleport: 1532464729881
  logout: 1532464771926
ipAddress: 77.116.189.235
lastlocation:
  world: DIM1
  x: 9795.293849185362
  y: 144.37430171396534
  z: 41.249188205617116
  yaw: -107.99955
  pitch: 9.149995
homes:
  home:
    world: world
    x: 793.9789543718342
    y: 96.0
    z: 785.7930656442013
    yaw: -290.39975
    pitch: 20.250053
logoutlocation:
  world: world
  x: 786.3344718383439
  y: 96.0
  z: 786.6239429803603
  yaw: -263.54962
  pitch: 42.000065
afk: false
