uuid: af6718ae-82b8-4c41-a28e-a555707fa868
timestamps:
  login: 1534477319922
  lastteleport: 1534476971974
  logout: 1534476979842
ipAddress: 178.113.143.182
lastlocation:
  world: world
  x: -2093.048470257545
  y: 67.00000000476837
  z: -547.3315285867457
  yaw: -40.799496
  pitch: 19.499975
homes:
  home:
    world: world
    x: 1153.1565682005062
    y: 69.0
    z: 299.82409827060303
    yaw: -269.39456
    pitch: 11.700043
logoutlocation:
  world: world
  x: 68.5
  y: 71.0
  z: 233.5
  yaw: -79.5
  pitch: 7.4999914
afk: false
ban:
  reason: '§4Banned:

    §rThe Ban Hammer has spoken!'
  timeout: 0
