uuid: af6718ae-82b8-4c41-a28e-a555707fa868
timestamps:
  login: 1533082033372
  lastteleport: 1533083071679
  logout: 1533081081869
ipAddress: 77.117.188.192
lastlocation:
  world: world
  x: 42.49821732764418
  y: 70.0
  z: 327.47968976467695
  yaw: 265.35037
  pitch: 31.499977
homes:
  home:
    world: world
    x: 1153.1565682005062
    y: 69.0
    z: 299.82409827060303
    yaw: -269.39456
    pitch: 11.700043
logoutlocation:
  world: world
  x: 11.571653043250697
  y: 6.0
  z: 289.9131576167533
  yaw: -181.80017
  pitch: 38.55001
afk: true
ban:
  reason: '§4Banned:

    §rThe Ban Hammer has spoken!'
  timeout: 0
