uuid: af6718ae-82b8-4c41-a28e-a555707fa868
timestamps:
  login: 1534550793832
  lastteleport: 1534555551853
  logout: 1534534165433
ipAddress: 178.113.143.182
lastlocation:
  world: DIM-28
  x: 498.74560555476245
  y: 78.34709114627135
  z: 726.1875623810071
  yaw: -95.25678
  pitch: 72.59999
homes:
  home:
    world: world
    x: 1153.1565682005062
    y: 69.0
    z: 299.82409827060303
    yaw: -269.39456
    pitch: 11.700043
logoutlocation:
  world: world
  x: -22.92500001192092
  y: 86.5
  z: 232.47813527839654
  yaw: 271.20044
  pitch: 23.999998
afk: false
ban:
  reason: '§4Banned:

    §rThe Ban Hammer has spoken!'
  timeout: 0
