uuid: af6718ae-82b8-4c41-a28e-a555707fa868
timestamps:
  login: 1534725071097
  lastteleport: 1534734065478
  logout: 1534718672488
ipAddress: 178.113.143.182
lastlocation:
  world: world
  x: 19.48554444059124
  y: 63.0
  z: 458.94796306838725
  yaw: 207.74457
  pitch: -4.949862
homes:
  home:
    world: world
    x: 1153.1565682005062
    y: 69.0
    z: 299.82409827060303
    yaw: -269.39456
    pitch: 11.700043
logoutlocation:
  world: world
  x: -33.300000011920936
  y: 82.0
  z: 203.30000001192093
  yaw: -250.34949
  pitch: 24.149918
afk: false
ban:
  reason: '§4Banned:

    §rThe Ban Hammer has spoken!'
  timeout: 0
