uuid: af6718ae-82b8-4c41-a28e-a555707fa868
timestamps:
  login: 1532736440511
  lastteleport: 1532743781787
  logout: 1532723346275
ipAddress: 77.116.189.235
lastlocation:
  world: world
  x: -2094.5
  y: 67.0
  z: -545.5
  yaw: 320.69955
  pitch: 36.299915
homes:
  home:
    world: world
    x: 1139.1635121432332
    y: 88.0
    z: 356.63714183638854
    yaw: 270.15567
    pitch: 59.550014
logoutlocation:
  world: world
  x: 1139.5
  y: 37.0
  z: 334.5
  yaw: 225.30574
  pitch: 23.85001
afk: true
ban:
  reason: '§4Banned:

    §rThe Ban Hammer has spoken!'
  timeout: 0
