uuid: af6718ae-82b8-4c41-a28e-a555707fa868
timestamps:
  login: 1534906534227
  lastteleport: 1534909852902
  logout: 1534894166577
ipAddress: 178.113.143.182
lastlocation:
  world: world
  x: 19.69777892657359
  y: 6.200000047683718
  z: 295.23613663378154
  yaw: 23.998722
  pitch: -5.5500145
homes:
  home:
    world: world
    x: 1153.1565682005062
    y: 69.0
    z: 299.82409827060303
    yaw: -269.39456
    pitch: 11.700043
logoutlocation:
  world: world
  x: 231.48832521276015
  y: 70.0
  z: 125.16123994935464
  yaw: 93.450035
  pitch: 0.90000355
afk: false
ban:
  reason: '§4Banned:

    §rThe Ban Hammer has spoken!'
  timeout: 0
