uuid: af6718ae-82b8-4c41-a28e-a555707fa868
timestamps:
  login: 1534823838022
  lastteleport: 1534800741318
  logout: 1534821603180
ipAddress: 178.113.143.182
lastlocation:
  world: world
  x: 22.69999998807907
  y: 68.04981062693918
  z: 299.3985009972932
  yaw: -59.40023
  pitch: 1.8000466
homes:
  home:
    world: world
    x: 1153.1565682005062
    y: 69.0
    z: 299.82409827060303
    yaw: -269.39456
    pitch: 11.700043
logoutlocation:
  world: world
  x: 16.27827290239931
  y: 7.858553428718437
  z: 297.88332607398826
  yaw: -125.100525
  pitch: 1.9500315
afk: true
ban:
  reason: '§4Banned:

    §rThe Ban Hammer has spoken!'
  timeout: 0
