uuid: af6718ae-82b8-4c41-a28e-a555707fa868
timestamps:
  login: 1532923023458
  lastteleport: 1532923162106
  logout: 1532923015288
ipAddress: 178.112.251.108
lastlocation:
  world: world
  x: 795.7691531704087
  y: 92.0
  z: 788.1240959615908
  yaw: 189.45001
  pitch: 47.550053
homes:
  home:
    world: world
    x: 1153.1565682005062
    y: 69.0
    z: 299.82409827060303
    yaw: -269.39456
    pitch: 11.700043
logoutlocation:
  world: world
  x: 796.3059217468835
  y: 91.0
  z: 787.7189902014031
  yaw: 91.5
  pitch: 26.250044
afk: false
ban:
  reason: '§4Banned:

    §rThe Ban Hammer has spoken!'
  timeout: 0
