uuid: af6718ae-82b8-4c41-a28e-a555707fa868
timestamps:
  login: 1534650721518
  lastteleport: 1534650575012
  logout: 1534651194818
ipAddress: 178.113.143.182
lastlocation:
  world: world
  x: 19.698252104384096
  y: 67.618218984232
  z: 298.763689778519
  yaw: -77.10023
  pitch: -4.649952
homes:
  home:
    world: world
    x: 1153.1565682005062
    y: 69.0
    z: 299.82409827060303
    yaw: -269.39456
    pitch: 11.700043
logoutlocation:
  world: world
  x: 48.87060848863889
  y: 69.0
  z: 425.6736781996096
  yaw: -120.90021
  pitch: 23.400015
afk: false
ban:
  reason: '§4Banned:

    §rThe Ban Hammer has spoken!'
  timeout: 0
