uuid: af6718ae-82b8-4c41-a28e-a555707fa868
timestamps:
  login: 1532822950188
  lastteleport: 1532827627147
  logout: 1532819906608
ipAddress: 178.112.251.108
lastlocation:
  world: world
  x: 110.08650269405739
  y: 63.0
  z: 262.20984107208415
  yaw: -45.150105
  pitch: 33.900017
homes:
  home:
    world: world
    x: 1153.1565682005062
    y: 69.0
    z: 299.82409827060303
    yaw: -269.39456
    pitch: 11.700043
logoutlocation:
  world: world
  x: 1146.561821293203
  y: 69.52922370682347
  z: 295.30000001192093
  yaw: 113.25493
  pitch: 22.65003
afk: true
ban:
  reason: '§4Banned:

    §rThe Ban Hammer has spoken!'
  timeout: 0
