uuid: 1291b47b-18ec-48d8-8e94-e156f73cffc4
timestamps:
  login: 1535315803643
  lastteleport: 1535287044015
  logout: 1535315992487
ipAddress: 193.81.178.138
lastlocation:
  world: DIM-100
  x: -15.174042738764236
  y: 84.91104053024554
  z: 445.7515049968974
  yaw: 301.9593
  pitch: 9.2999735
logoutlocation:
  world: world
  x: 40.05091378955463
  y: 204.73180843603146
  z: 517.1654817678785
  yaw: -23.998047
  pitch: 45.599976
homes:
  home:
    world: world
    x: 21.613472290528996
    y: 77.0
    z: 517.5105783095619
    yaw: 180.30078
    pitch: 6.4500895
afk: false
