uuid: 1291b47b-18ec-48d8-8e94-e156f73cffc4
timestamps:
  login: 1534594125276
  lastteleport: 1534601333912
  logout: 1534601844019
ipAddress: 213.157.154.61
lastlocation:
  world: DIM-28
  x: -702.0375769152589
  y: 67.28130089477318
  z: 489.66108774040936
  yaw: -276.6046
  pitch: 23.400084
logoutlocation:
  world: world
  x: 21.938329649692843
  y: 77.0
  z: 518.7674570423683
  yaw: -69.900085
  pitch: 18.449993
