uuid: 1291b47b-18ec-48d8-8e94-e156f73cffc4
timestamps:
  login: 1534791323263
  lastteleport: 1534791463791
  logout: 1534791571673
ipAddress: 193.81.183.180
lastlocation:
  world: world
  x: 43.927098109671306
  y: 82.4134905966385
  z: 500.950747023725
  yaw: -314.30917
  pitch: 15.141863
logoutlocation:
  world: world
  x: 67.3000000119209
  y: 70.375
  z: 241.86009872270523
  yaw: -321.93555
  pitch: 12.300001
homes:
  home:
    world: world
    x: 21.613472290528996
    y: 77.0
    z: 517.5105783095619
    yaw: 180.30078
    pitch: 6.4500895
afk: false
