uuid: 1291b47b-18ec-48d8-8e94-e156f73cffc4
timestamps:
  login: 1534972831398
  lastteleport: 1534971792061
  logout: 1534973560652
ipAddress: 193.83.245.145
lastlocation:
  world: DIM-100
  x: -4.079024917927816
  y: 90.61529064289836
  z: 477.2337519537038
  yaw: 45.447197
  pitch: 19.050013
logoutlocation:
  world: world
  x: 27.50408396055899
  y: 69.0
  z: 515.1148045670878
  yaw: -175.19868
  pitch: 17.400043
homes:
  home:
    world: world
    x: 21.613472290528996
    y: 77.0
    z: 517.5105783095619
    yaw: 180.30078
    pitch: 6.4500895
afk: false
