uuid: 1291b47b-18ec-48d8-8e94-e156f73cffc4
timestamps:
  login: 1535164380065
  lastteleport: 1535169382995
  logout: 1535159735930
ipAddress: 213.157.159.21
lastlocation:
  world: DIM-1
  x: 19.817444460908415
  y: 50.022200042814895
  z: 230.85457031809557
  yaw: 133.66815
  pitch: 22.650002
logoutlocation:
  world: world
  x: 26.949292366791067
  y: 77.0
  z: 514.355814199921
  yaw: -325.80078
  pitch: 25.64996
homes:
  home:
    world: world
    x: 21.613472290528996
    y: 77.0
    z: 517.5105783095619
    yaw: 180.30078
    pitch: 6.4500895
afk: false
