uuid: 1291b47b-18ec-48d8-8e94-e156f73cffc4
timestamps:
  login: 1534716614409
  lastteleport: 1534715018651
  logout: 1534716675174
ipAddress: 193.81.177.157
lastlocation:
  world: world
  x: 25.622193503422086
  y: 105.18584202489768
  z: 460.30000001192116
  yaw: 187.48808
  pitch: 44.700035
logoutlocation:
  world: world
  x: 28.947486019929293
  y: 63.0
  z: 454.5201394785108
  yaw: -56.79613
  pitch: 18.450027
homes:
  home:
    world: world
    x: 21.613472290528996
    y: 77.0
    z: 517.5105783095619
    yaw: 180.30078
    pitch: 6.4500895
afk: false
