uuid: 1291b47b-18ec-48d8-8e94-e156f73cffc4
timestamps:
  login: 1539011291657
  lastteleport: 1535366498134
  logout: 1539011583327
ipAddress: 213.157.159.76
lastlocation:
  world: world
  x: 1176.964766230517
  y: 85.8015429051905
  z: 1193.046271460761
  yaw: 197.20093
  pitch: 52.950153
logoutlocation:
  world: world
  x: 26.838935441310188
  y: 77.0
  z: 516.3220933578681
  yaw: 243.00195
  pitch: 2.8499744
homes:
  home:
    world: world
    x: 21.613472290528996
    y: 77.0
    z: 517.5105783095619
    yaw: 180.30078
    pitch: 6.4500895
afk: false
