uuid: 1291b47b-18ec-48d8-8e94-e156f73cffc4
timestamps:
  login: 1535365942188
  lastteleport: 1535366498134
  logout: 1535366602965
ipAddress: 193.81.180.89
lastlocation:
  world: world
  x: 1176.964766230517
  y: 85.8015429051905
  z: 1193.046271460761
  yaw: 197.20093
  pitch: 52.950153
logoutlocation:
  world: world
  x: -90.7940345034233
  y: 63.0
  z: 434.5162029004904
  yaw: 3.4510498
  pitch: 26.850088
homes:
  home:
    world: world
    x: 21.613472290528996
    y: 77.0
    z: 517.5105783095619
    yaw: 180.30078
    pitch: 6.4500895
afk: false
