uuid: 1291b47b-18ec-48d8-8e94-e156f73cffc4
timestamps:
  login: 1535066661919
  lastteleport: 1535065337813
  logout: 1535066650652
ipAddress: 193.81.179.85
lastlocation:
  world: DIM-1
  x: -188.0668563044878
  y: 32.613451319702634
  z: 2.3463927671074774
  yaw: 131.10078
  pitch: 12.150085
logoutlocation:
  world: world
  x: 31.47844850855298
  y: 69.0
  z: 517.5321978326106
  yaw: -208.50014
  pitch: 11.099968
homes:
  home:
    world: world
    x: 21.613472290528996
    y: 77.0
    z: 517.5105783095619
    yaw: 180.30078
    pitch: 6.4500895
afk: false
