uuid: 1291b47b-18ec-48d8-8e94-e156f73cffc4
timestamps:
  login: 1535230045400
  lastteleport: 1535219525180
  logout: 1535234376315
ipAddress: 213.157.153.73
lastlocation:
  world: world
  x: 22.781687768708668
  y: 80.26227790617688
  z: 515.4324741063508
  yaw: 105.60043
  pitch: 14.550067
logoutlocation:
  world: world
  x: 34.288585341770585
  y: 184.0
  z: 513.996211116363
  yaw: 76.80496
  pitch: 17.099955
homes:
  home:
    world: world
    x: 21.613472290528996
    y: 77.0
    z: 517.5105783095619
    yaw: 180.30078
    pitch: 6.4500895
afk: false
