uuid: 1291b47b-18ec-48d8-8e94-e156f73cffc4
timestamps:
  login: 1534891705873
  lastteleport: 1534892830216
  logout: 1534893180063
ipAddress: 193.81.181.144
lastlocation:
  world: world
  x: 20.457840212340916
  y: 86.61435596545475
  z: 385.3631677397568
  yaw: -15.149658
  pitch: 24.150171
logoutlocation:
  world: world
  x: 21.673892744938428
  y: 77.0
  z: 515.633223650705
  yaw: -155.54921
  pitch: -13.04993
homes:
  home:
    world: world
    x: 21.613472290528996
    y: 77.0
    z: 517.5105783095619
    yaw: 180.30078
    pitch: 6.4500895
afk: false
