uuid: af6718ae-82b8-4c41-a28e-a555707fa868
timestamps:
  login: 1535242235929
  logout: 1535224104578
  lastteleport: 1535164460401
ipAddress: 77.117.155.140
afk: false
logoutlocation:
  world: world
  x: 28.5
  y: 184.0
  z: 515.5
  yaw: -59.560246
  pitch: 32.69999
