uuid: af6718ae-82b8-4c41-a28e-a555707fa868
timestamps:
  login: 1535167898852
  logout: 1535167086544
  lastteleport: 1535164460401
ipAddress: 77.117.155.140
afk: false
logoutlocation:
  world: world
  x: 75.48977726929752
  y: 129.65118240047263
  z: 9.90166188491516
  yaw: -166.34956
  pitch: 32.70001
