uuid: ccd8937f-4580-481c-a005-ae4ded1b3c28
timestamps:
  login: 1521490775728
  logout: 1521491500131
  lastteleport: 1521491409892
ipAddress: 91.115.214.90
lastlocation:
  world: world
  x: 542.3000000119209
  y: 74.4793700481776
  z: -699.3384121353738
  yaw: -81.45081
  pitch: -52.799942
logoutlocation:
  world: world
  x: 562.3539619196657
  y: 190.0
  z: -714.7328989601898
  yaw: -29.700281
  pitch: 17.24995
homes:
  home:
    world: world
    x: 562.5662246183699
    y: 190.0
    z: -703.952870297031
    yaw: 1.4995117
    pitch: 15.899967
afk: false
