uuid: ccd8937f-4580-481c-a005-ae4ded1b3c28
timestamps:
  login: 1526846868946
  logout: 1526847138341
  lastteleport: 1526841736782
ipAddress: 193.80.112.174
lastlocation:
  world: world
  x: 87.91888930282315
  y: 50.0
  z: 165.4737104742203
  yaw: 95.99921
  pitch: 20.099966
logoutlocation:
  world: world
  x: -2097.0356384971333
  y: 69.875
  z: -546.562081905426
  yaw: -174.90858
  pitch: 12.299948
homes:
  home:
    world: world
    x: -2092.969949839978
    y: 67.0
    z: -540.612294297129
    yaw: -268.36194
    pitch: 13.650034
afk: false
