uuid: ccd8937f-4580-481c-a005-ae4ded1b3c28
timestamps:
  login: 1521577532273
  logout: 1521579654429
  lastteleport: 1521579565156
ipAddress: 91.115.214.90
lastlocation:
  world: world
  x: 545.2599197734553
  y: 60.0
  z: -698.3318523950622
  yaw: -99.30307
  pitch: 32.99984
logoutlocation:
  world: world
  x: 553.4613999812757
  y: 61.0
  z: -698.7558837199084
  yaw: 92.249146
  pitch: 39.6
homes:
  home:
    world: world
    x: 562.5662246183699
    y: 190.0
    z: -703.952870297031
    yaw: 1.4995117
    pitch: 15.899967
afk: false
