uuid: ccd8937f-4580-481c-a005-ae4ded1b3c28
timestamps:
  login: 1524142326597
  logout: 1524148748569
  lastteleport: 1524147931777
ipAddress: 193.80.119.20
lastlocation:
  world: world
  x: 78.06806889591559
  y: 55.0
  z: 178.82469218862957
  yaw: -11.098572
  pitch: 31.350006
logoutlocation:
  world: world
  x: 567.7097069484788
  y: 195.0
  z: -682.4523461926808
  yaw: -321.60052
  pitch: 37.349937
homes:
  home:
    world: world
    x: -2092.969949839978
    y: 67.0
    z: -540.612294297129
    yaw: -268.36194
    pitch: 13.650034
afk: false
