uuid: ccd8937f-4580-481c-a005-ae4ded1b3c28
timestamps:
  login: 1532699928517
  logout: 1532706887006
  lastteleport: 1532705441775
ipAddress: 193.81.101.40
lastlocation:
  world: world
  x: 2456.988567467566
  y: 72.84796930121031
  z: 1522.022510040195
  yaw: -164.10065
  pitch: 6.4499855
logoutlocation:
  world: world
  x: -2091.1810652188296
  y: 67.0
  z: -538.6073008838639
  yaw: 80.08859
  pitch: 10.049973
homes:
  home:
    world: world
    x: -2092.969949839978
    y: 67.0
    z: -540.612294297129
    yaw: -268.36194
    pitch: 13.650034
afk: false
