uuid: ccd8937f-4580-481c-a005-ae4ded1b3c28
timestamps:
  login: 1525961980440
  logout: 1525963456539
  lastteleport: 1525939150142
ipAddress: 192.164.123.212
lastlocation:
  world: world
  x: -119.63426932318549
  y: 73.30965449880361
  z: -6.330741995120617
  yaw: 190.79979
  pitch: 37.949993
logoutlocation:
  world: world
  x: -2094.779388810662
  y: 68.0
  z: -544.4296657549687
  yaw: -358.35837
  pitch: 32.549973
homes:
  home:
    world: world
    x: -2092.969949839978
    y: 67.0
    z: -540.612294297129
    yaw: -268.36194
    pitch: 13.650034
afk: false
