uuid: ccd8937f-4580-481c-a005-ae4ded1b3c28
timestamps:
  login: 1523707628162
  logout: 1523721192333
  lastteleport: 1523720013430
ipAddress: 193.80.119.20
lastlocation:
  world: world
  x: 562.6479992072375
  y: 190.0
  z: -716.7267240445435
  yaw: -138.60056
  pitch: 26.549969
logoutlocation:
  world: world
  x: -2098.1781906695555
  y: 67.0
  z: -544.8318088679321
  yaw: 107.38849
  pitch: 5.999979
homes:
  home:
    world: world
    x: -2092.969949839978
    y: 67.0
    z: -540.612294297129
    yaw: -268.36194
    pitch: 13.650034
afk: false
