uuid: ccd8937f-4580-481c-a005-ae4ded1b3c28
timestamps:
  login: 1529138665925
  logout: 1529149665062
  lastteleport: 1529144681979
ipAddress: 193.80.0.135
lastlocation:
  world: world
  x: 562.2349316314776
  y: 190.0
  z: -719.43341865779
  yaw: 98.09885
  pitch: 4.5000134
logoutlocation:
  world: world
  x: -2091.3930012504347
  y: 68.0
  z: -536.5027019943468
  yaw: 133.64688
  pitch: 41.999992
homes:
  home:
    world: world
    x: -2092.969949839978
    y: 67.0
    z: -540.612294297129
    yaw: -268.36194
    pitch: 13.650034
afk: false
