uuid: ccd8937f-4580-481c-a005-ae4ded1b3c28
timestamps:
  login: 1523894807000
  logout: 1523897196509
  lastteleport: 1523896381075
ipAddress: 193.80.119.20
lastlocation:
  world: world
  x: -1241.4893160172621
  y: 48.20000004768371
  z: -1607.6344579034142
  yaw: -124.069336
  pitch: 23.550049
logoutlocation:
  world: world
  x: -2098.8907019377966
  y: 70.0
  z: -543.7539658862528
  yaw: 134.23875
  pitch: 43.499996
homes:
  home:
    world: world
    x: -2092.969949839978
    y: 67.0
    z: -540.612294297129
    yaw: -268.36194
    pitch: 13.650034
afk: false
