uuid: ccd8937f-4580-481c-a005-ae4ded1b3c28
timestamps:
  login: 1525805187735
  logout: 1525809355175
  lastteleport: 1525808514478
ipAddress: 192.164.123.212
lastlocation:
  world: world
  x: 562.5059068659441
  y: 190.0
  z: -717.9760245807347
  yaw: -117.15052
  pitch: 34.64997
logoutlocation:
  world: world
  x: -2091.969940554442
  y: 67.0
  z: -539.2723735535675
  yaw: -180.46149
  pitch: 25.350006
homes:
  home:
    world: world
    x: -2092.969949839978
    y: 67.0
    z: -540.612294297129
    yaw: -268.36194
    pitch: 13.650034
afk: false
