uuid: ccd8937f-4580-481c-a005-ae4ded1b3c28
timestamps:
  login: 1521399205588
  logout: 1521399179803
  lastteleport: 1521401884198
ipAddress: 194.118.59.200
lastlocation:
  world: world
  x: 575.5
  y: 190.0
  z: -703.5
  yaw: 2.1000001
  pitch: 1.2
logoutlocation:
  world: world
  x: 551.9061213490658
  y: 61.0
  z: -698.5102031703389
  yaw: 126.3002
  pitch: 23.549965
homes:
  home:
    world: world
    x: 562.5662246183699
    y: 190.0
    z: -703.952870297031
    yaw: 1.4995117
    pitch: 15.899967
afk: false
