uuid: ccd8937f-4580-481c-a005-ae4ded1b3c28
timestamps:
  login: 1525873888943
  logout: 1525878172849
  lastteleport: 1525878142357
ipAddress: 192.164.123.212
lastlocation:
  world: world
  x: 47.46564201072254
  y: 69.0
  z: 256.8236835085926
  yaw: -151.94919
  pitch: 12.150002
logoutlocation:
  world: world
  x: -2095.3148668983285
  y: 67.0
  z: -543.4738213618804
  yaw: -346.66202
  pitch: 7.050041
homes:
  home:
    world: world
    x: -2092.969949839978
    y: 67.0
    z: -540.612294297129
    yaw: -268.36194
    pitch: 13.650034
afk: false
