uuid: ccd8937f-4580-481c-a005-ae4ded1b3c28
timestamps:
  login: 1523643375803
  logout: 1523648278236
  lastteleport: 1523644867345
ipAddress: 193.80.119.20
lastlocation:
  world: world
  x: 563.307701023717
  y: 190.0
  z: -717.5962295735691
  yaw: -125.1011
  pitch: 44.099987
logoutlocation:
  world: world
  x: -2091.6734925984265
  y: 66.0
  z: -544.6789069812085
  yaw: 63.138916
  pitch: 18.750082
homes:
  home:
    world: world
    x: -2042.3171941717394
    y: 63.0
    z: -509.94234915183546
    yaw: -231.91205
    pitch: 32.25003
afk: false
