uuid: ccd8937f-4580-481c-a005-ae4ded1b3c28
timestamps:
  login: 1524202345360
  logout: 1524210658103
  lastteleport: 1524203225260
ipAddress: 212.152.179.114
lastlocation:
  world: world
  x: 546.8073730488176
  y: 72.0
  z: -804.1867097719352
  yaw: -292.9512
  pitch: 38.699856
logoutlocation:
  world: world
  x: -2096.06247898238
  y: 68.0
  z: -539.4912328574757
  yaw: 176.68768
  pitch: 14.4000025
homes:
  home:
    world: world
    x: -2092.969949839978
    y: 67.0
    z: -540.612294297129
    yaw: -268.36194
    pitch: 13.650034
afk: false
