uuid: ccd8937f-4580-481c-a005-ae4ded1b3c28
timestamps:
  login: 1525532947664
  logout: 1525519343457
  lastteleport: 1525519309857
ipAddress: 192.164.123.212
lastlocation:
  world: world
  x: -2083.5174594987657
  y: 44.0
  z: -494.8641275813143
  yaw: -137.26114
  pitch: 16.05009
logoutlocation:
  world: world
  x: -2140.112361818091
  y: 111.0
  z: -633.8698967043016
  yaw: -23.408442
  pitch: 13.5001
homes:
  home:
    world: world
    x: -2092.969949839978
    y: 67.0
    z: -540.612294297129
    yaw: -268.36194
    pitch: 13.650034
afk: false
