uuid: ccd8937f-4580-481c-a005-ae4ded1b3c28
timestamps:
  login: 1525456445026
  logout: 1525456431040
  lastteleport: 1525463328018
ipAddress: 192.164.123.212
lastlocation:
  world: DIM-1
  x: -282.5
  y: 32.0
  z: -12.5
  yaw: -124.96264
  pitch: 36.44997
logoutlocation:
  world: world
  x: -2095.354924449676
  y: 67.0
  z: -543.6983650008904
  yaw: 106.63873
  pitch: 36.300034
homes:
  home:
    world: world
    x: -2092.969949839978
    y: 67.0
    z: -540.612294297129
    yaw: -268.36194
    pitch: 13.650034
afk: false
