uuid: ccd8937f-4580-481c-a005-ae4ded1b3c28
timestamps:
  login: 1523032777576
  logout: 1523038789231
  lastteleport: 1523038760002
ipAddress: 194.118.74.158
lastlocation:
  world: world
  x: -36.792543372889114
  y: 117.16221630993374
  z: 18.560892003093137
  yaw: -129.90149
  pitch: 1.0499995
logoutlocation:
  world: world
  x: -2094.530592772281
  y: 67.0
  z: -540.4140717402533
  yaw: -93.76196
  pitch: 28.350033
homes:
  home:
    world: world
    x: -2042.3171941717394
    y: 63.0
    z: -509.94234915183546
    yaw: -231.91205
    pitch: 32.25003
afk: false
