uuid: ccd8937f-4580-481c-a005-ae4ded1b3c28
timestamps:
  login: 1538825493478
  logout: 1538825920794
  lastteleport: 1538825917138
ipAddress: 194.166.40.244
lastlocation:
  world: world
  x: -2.1450359849742258
  y: 20.0
  z: 467.870208962448
  yaw: 107.850296
  pitch: 41.850014
logoutlocation:
  world: world
  x: -2092.5
  y: 67.0
  z: -540.5
  yaw: -268.36194
  pitch: 13.650034
homes:
  home:
    world: world
    x: -2092.969949839978
    y: 67.0
    z: -540.612294297129
    yaw: -268.36194
    pitch: 13.650034
afk: false
