uuid: ccd8937f-4580-481c-a005-ae4ded1b3c28
timestamps:
  login: 1532800580332
  logout: 1532801207917
  lastteleport: 1532800780652
ipAddress: 193.81.101.40
lastlocation:
  world: world
  x: 84.6504203895229
  y: 80.48889934518822
  z: -275.30876442745364
  yaw: -42.89966
  pitch: 24.600094
logoutlocation:
  world: world
  x: -2101.346969903686
  y: 67.0
  z: -547.486466656722
  yaw: -8.861633
  pitch: 41.85002
homes:
  home:
    world: world
    x: -2092.969949839978
    y: 67.0
    z: -540.612294297129
    yaw: -268.36194
    pitch: 13.650034
afk: false
