uuid: ccd8937f-4580-481c-a005-ae4ded1b3c28
timestamps:
  login: 1523810915435
  logout: 1523816635167
  lastteleport: 1523816499132
ipAddress: 193.80.119.20
lastlocation:
  world: world
  x: 562.0525378601316
  y: 190.0
  z: -718.1074326457016
  yaw: -78.00063
  pitch: 29.999977
logoutlocation:
  world: world
  x: -2094.8570825212546
  y: 67.0
  z: -542.2582527618796
  yaw: -212.71169
  pitch: 24.300043
homes:
  home:
    world: world
    x: -2092.969949839978
    y: 67.0
    z: -540.612294297129
    yaw: -268.36194
    pitch: 13.650034
afk: false
