uuid: ccd8937f-4580-481c-a005-ae4ded1b3c28
timestamps:
  login: 1529239268744
  logout: 1529246369845
  lastteleport: 1529144681979
ipAddress: 193.80.0.135
lastlocation:
  world: world
  x: 562.2349316314776
  y: 190.0
  z: -719.43341865779
  yaw: 98.09885
  pitch: 4.5000134
logoutlocation:
  world: world
  x: -2140.515743250962
  y: 111.0
  z: -636.6302604350702
  yaw: -316.2018
  pitch: 46.949795
homes:
  home:
    world: world
    x: -2092.969949839978
    y: 67.0
    z: -540.612294297129
    yaw: -268.36194
    pitch: 13.650034
afk: false
