uuid: ccd8937f-4580-481c-a005-ae4ded1b3c28
timestamps:
  login: 1532877922455
  logout: 1532879047779
  lastteleport: 1532879042431
ipAddress: 193.81.101.40
lastlocation:
  world: world
  x: 1142.718770498871
  y: 112.03586826101979
  z: 272.37545387666194
  yaw: 187.79968
  pitch: 22.349972
logoutlocation:
  world: world
  x: -2081.567285019069
  y: 67.0
  z: -541.1502030384427
  yaw: -4.8119226
  pitch: 45.000034
homes:
  home:
    world: world
    x: -2092.969949839978
    y: 67.0
    z: -540.612294297129
    yaw: -268.36194
    pitch: 13.650034
afk: false
