uuid: ccd8937f-4580-481c-a005-ae4ded1b3c28
timestamps:
  login: 1532520974916
  logout: 1532528194745
  lastteleport: 1532528131553
ipAddress: 193.81.101.40
lastlocation:
  world: world
  x: -2094.5
  y: 67.0
  z: -546.5
  yaw: 6.4379473
  pitch: 22.35004
logoutlocation:
  world: world
  x: 150.1877525797788
  y: 65.0
  z: 94.35218172156664
  yaw: 55.79964
  pitch: 14.850029
homes:
  home:
    world: world
    x: -2092.969949839978
    y: 67.0
    z: -540.612294297129
    yaw: -268.36194
    pitch: 13.650034
afk: false
