uuid: ccd8937f-4580-481c-a005-ae4ded1b3c28
timestamps:
  login: 1525277166145
  logout: 1525289157885
  lastteleport: 1525287515213
ipAddress: 192.164.123.212
lastlocation:
  world: world
  x: 62.7563861399942
  y: 71.0
  z: 239.99575745989398
  yaw: -2.8504128
  pitch: 31.049995
logoutlocation:
  world: world
  x: -2095.628461629504
  y: 67.0
  z: -541.3000000119209
  yaw: 37.038292
  pitch: 1.6500487
homes:
  home:
    world: world
    x: -2092.969949839978
    y: 67.0
    z: -540.612294297129
    yaw: -268.36194
    pitch: 13.650034
afk: false
