uuid: ccd8937f-4580-481c-a005-ae4ded1b3c28
timestamps:
  login: 1526038126618
  logout: 1526039960250
  lastteleport: 1525939150142
ipAddress: 193.80.112.174
lastlocation:
  world: world
  x: -119.63426932318549
  y: 73.30965449880361
  z: -6.330741995120617
  yaw: 190.79979
  pitch: 37.949993
logoutlocation:
  world: world
  x: -2143.271238164663
  y: 111.0
  z: -633.1610197579032
  yaw: 281.84192
  pitch: 22.199986
homes:
  home:
    world: world
    x: -2092.969949839978
    y: 67.0
    z: -540.612294297129
    yaw: -268.36194
    pitch: 13.650034
afk: false
