uuid: ccd8937f-4580-481c-a005-ae4ded1b3c28
timestamps:
  login: 1532952532382
  logout: 1532960402418
  lastteleport: 1532960369746
ipAddress: 193.81.101.40
lastlocation:
  world: world
  x: -124.75748280466073
  y: 66.44093000821512
  z: 169.60600324478818
  yaw: -74.961945
  pitch: 40.649937
logoutlocation:
  world: world
  x: -2092.1141996890838
  y: 67.0
  z: -547.2169461471898
  yaw: 2.8380523
  pitch: 26.850033
homes:
  home:
    world: world
    x: -2092.969949839978
    y: 67.0
    z: -540.612294297129
    yaw: -268.36194
    pitch: 13.650034
afk: false
