uuid: ccd8937f-4580-481c-a005-ae4ded1b3c28
timestamps:
  login: 1525363589184
  logout: 1525365694716
  lastteleport: 1525287515213
ipAddress: 192.164.123.212
lastlocation:
  world: world
  x: 62.7563861399942
  y: 71.0
  z: 239.99575745989398
  yaw: -2.8504128
  pitch: 31.049995
logoutlocation:
  world: world
  x: -2094.699999988079
  y: 67.0
  z: -539.5690206230371
  yaw: 141.57556
  pitch: 25.199938
homes:
  home:
    world: world
    x: -2092.969949839978
    y: 67.0
    z: -540.612294297129
    yaw: -268.36194
    pitch: 13.650034
afk: false
