uuid: b31122a1-5ebf-4aff-af7d-87efba686f87
timestamps:
  login: 1536163670617
  lastteleport: 1532079102518
  logout: 1536164050439
ipAddress: 213.157.157.91
lastlocation:
  world: world
  x: 128.77069832700153
  y: 68.0
  z: 373.70684128712645
  yaw: 315.8971
  pitch: 3.5999382
logoutlocation:
  world: world
  x: 171.3368379627459
  y: 72.875
  z: 266.2438160879629
  yaw: 1.6522782
  pitch: 24.600317
afk: false
