uuid: b31122a1-5ebf-4aff-af7d-87efba686f87
timestamps:
  login: 1532078345893
  lastteleport: 1532079102518
  logout: 1532079566901
ipAddress: 77.119.130.131
lastlocation:
  world: world
  x: 128.77069832700153
  y: 68.0
  z: 373.70684128712645
  yaw: 315.8971
  pitch: 3.5999382
logoutlocation:
  world: world
  x: 114.88862610469616
  y: 64.0
  z: 267.76815865948964
  yaw: 67.802124
  pitch: 19.500158
afk: false
