uuid: b31122a1-5ebf-4aff-af7d-87efba686f87
timestamps:
  login: 1532031501458
  lastteleport: 1532033694731
  logout: 1532033884363
ipAddress: 213.157.159.152
lastlocation:
  world: world
  x: 84.89616117459971
  y: 71.0
  z: 215.36890083095383
  yaw: -174.45184
  pitch: 18.300014
logoutlocation:
  world: world
  x: 68.72202363016899
  y: 71.0
  z: 237.53514529637383
  yaw: -304.94995
  pitch: 31.199997
afk: false
