uuid: 81e35ce1-0165-4eca-9135-6f5c7cc3ea76
timestamps:
  login: 1521644315415
  logout: 1521644301764
  lastteleport: 1521645363125
ipAddress: 94.46.77.221
lastlocation:
  world: world
  x: -262.30855650323736
  y: 67.24743645264826
  z: 107.74381105185893
  yaw: 197.40155
  pitch: 56.849995
logoutlocation:
  world: world
  x: -261.3877143554107
  y: 63.0
  z: 100.04130675745466
  yaw: 108.4505
  pitch: 5.700101
homes:
  home:
    world: world
    x: 121.80651105765554
    y: 71.0
    z: 192.65087286380836
    yaw: 32.552162
    pitch: 51.150116
afk: false
