uuid: 81e35ce1-0165-4eca-9135-6f5c7cc3ea76
timestamps:
  login: 1523816957483
  logout: 1523821207576
  lastteleport: 1523741488772
ipAddress: 94.46.83.70
lastlocation:
  world: world
  x: 111.48168790837916
  y: 84.0
  z: 179.12158038494104
  yaw: -22.500916
  pitch: 31.04998
logoutlocation:
  world: world
  x: 89.39780285656344
  y: 71.0
  z: 182.78302565516424
  yaw: 72.45654
  pitch: 11.100056
homes:
  home:
    world: DIM-29
    x: 51.02658424132659
    y: 93.0
    z: 255.8577964489579
    yaw: 166.34962
    pitch: 4.499986
afk: false
