uuid: 81e35ce1-0165-4eca-9135-6f5c7cc3ea76
timestamps:
  login: 1533467332975
  logout: 1533468168511
  lastteleport: 1526843568159
ipAddress: 134.101.24.32
lastlocation:
  world: world
  x: 74.26741080493875
  y: 54.0
  z: 176.93581402972399
  yaw: 278.6953
  pitch: 24.44999
logoutlocation:
  world: iceland
  x: 103.12280451736943
  y: 67.0
  z: 504.0463383381295
  yaw: 21.297913
  pitch: 33.600033
homes:
  home:
    world: world
    x: -2091.4570325211216
    y: 67.0
    z: -538.3079519115194
    yaw: -49.512726
    pitch: 21.149935
afk: false
