uuid: 81e35ce1-0165-4eca-9135-6f5c7cc3ea76
timestamps:
  login: 1523742368495
  logout: 1523746362900
  lastteleport: 1523741488772
ipAddress: 94.46.68.190
lastlocation:
  world: world
  x: 111.48168790837916
  y: 84.0
  z: 179.12158038494104
  yaw: -22.500916
  pitch: 31.04998
logoutlocation:
  world: world
  x: 77.71075546065617
  y: 55.0
  z: 179.9597851536183
  yaw: 74.850395
  pitch: 40.20001
homes:
  home:
    world: DIM-29
    x: 51.02658424132659
    y: 93.0
    z: 255.8577964489579
    yaw: 166.34962
    pitch: 4.499986
afk: false
