uuid: 81e35ce1-0165-4eca-9135-6f5c7cc3ea76
timestamps:
  login: 1528299528656
  logout: 1528300210452
  lastteleport: 1526843568159
ipAddress: 94.46.81.143
lastlocation:
  world: world
  x: 74.26741080493875
  y: 54.0
  z: 176.93581402972399
  yaw: 278.6953
  pitch: 24.44999
logoutlocation:
  world: world
  x: -2090.899999988079
  y: 67.0
  z: -539.4249829274481
  yaw: -267.02338
  pitch: 20.700054
homes:
  home:
    world: world
    x: -2091.4570325211216
    y: 67.0
    z: -538.3079519115194
    yaw: -49.512726
    pitch: 21.149935
afk: false
