uuid: 81e35ce1-0165-4eca-9135-6f5c7cc3ea76
timestamps:
  login: 1524156302249
  logout: 1524164524922
  lastteleport: 1524077307712
ipAddress: 94.46.72.247
lastlocation:
  world: world
  x: -169.31156722964607
  y: 90.23907678277425
  z: -214.59259554194608
  yaw: -21.000355
  pitch: -13.649965
logoutlocation:
  world: world
  x: 78.19232588600354
  y: 55.0
  z: 179.41483843951912
  yaw: -45.599594
  pitch: 18.749983
homes:
  home:
    world: DIM-29
    x: 51.02658424132659
    y: 93.0
    z: 255.8577964489579
    yaw: 166.34962
    pitch: 4.499986
afk: false
