uuid: 81e35ce1-0165-4eca-9135-6f5c7cc3ea76
timestamps:
  login: 1525359970668
  logout: 1525361515225
  lastteleport: 1525284907646
ipAddress: 213.157.26.113
lastlocation:
  world: world
  x: -2025.8767795301537
  y: 64.0
  z: -515.3320831585092
  yaw: -228.91241
  pitch: 16.949978
logoutlocation:
  world: world
  x: 78.95620423755052
  y: 55.0
  z: 179.35458100102565
  yaw: -9.798335
  pitch: 27.750008
homes:
  home:
    world: world
    x: -2091.4570325211216
    y: 67.0
    z: -538.3079519115194
    yaw: -49.512726
    pitch: 21.149935
afk: false
