uuid: 81e35ce1-0165-4eca-9135-6f5c7cc3ea76
timestamps:
  login: 1524067598779
  logout: 1524081563515
  lastteleport: 1524077307712
ipAddress: 94.16.65.64
lastlocation:
  world: world
  x: -169.31156722964607
  y: 90.23907678277425
  z: -214.59259554194608
  yaw: -21.000355
  pitch: -13.649965
logoutlocation:
  world: world
  x: 82.36210969775443
  y: 71.0
  z: 246.5414558039571
  yaw: -28.838648
  pitch: 21.00014
homes:
  home:
    world: DIM-29
    x: 51.02658424132659
    y: 93.0
    z: 255.8577964489579
    yaw: 166.34962
    pitch: 4.499986
afk: false
