uuid: 81e35ce1-0165-4eca-9135-6f5c7cc3ea76
timestamps:
  login: 1526847352370
  logout: 1526847658017
  lastteleport: 1526843568159
ipAddress: 94.16.74.112
lastlocation:
  world: world
  x: 74.26741080493875
  y: 54.0
  z: 176.93581402972399
  yaw: 278.6953
  pitch: 24.44999
logoutlocation:
  world: world
  x: 74.44743117404533
  y: 54.0
  z: 175.95296705159555
  yaw: -265.7999
  pitch: 10.499987
homes:
  home:
    world: world
    x: -2091.4570325211216
    y: 67.0
    z: -538.3079519115194
    yaw: -49.512726
    pitch: 21.149935
afk: false
