uuid: 81e35ce1-0165-4eca-9135-6f5c7cc3ea76
timestamps:
  login: 1526062884188
  logout: 1526068388362
  lastteleport: 1526064283977
ipAddress: 94.46.64.74
lastlocation:
  world: DIM-112
  x: -547.2849528486819
  y: 65.0
  z: 794.5919039843773
  yaw: -29.633478
  pitch: 3.6000085
logoutlocation:
  world: world
  x: 58.623349458088924
  y: 179.86435596545434
  z: 244.86826520086007
  yaw: 173.53761
  pitch: -18.900064
homes:
  home:
    world: world
    x: -2091.4570325211216
    y: 67.0
    z: -538.3079519115194
    yaw: -49.512726
    pitch: 21.149935
afk: false
