uuid: 81e35ce1-0165-4eca-9135-6f5c7cc3ea76
timestamps:
  login: 1525890720488
  logout: 1525891316819
  lastteleport: 1525792945319
ipAddress: 94.46.78.76
lastlocation:
  world: DIM1
  x: -6.017812728622943
  y: 21.11769289800928
  z: 27.79322113664371
  yaw: 196.3501
  pitch: 35.400024
logoutlocation:
  world: world
  x: 78.4176409406239
  y: 55.0
  z: 179.63122412883916
  yaw: 76.3553
  pitch: 12.900063
homes:
  home:
    world: world
    x: -2091.4570325211216
    y: 67.0
    z: -538.3079519115194
    yaw: -49.512726
    pitch: 21.149935
afk: false
