uuid: 81e35ce1-0165-4eca-9135-6f5c7cc3ea76
timestamps:
  login: 1535144761859
  logout: 1535145935800
  lastteleport: 1526843568159
ipAddress: 134.101.25.48
lastlocation:
  world: world
  x: 74.26741080493875
  y: 54.0
  z: 176.93581402972399
  yaw: 278.6953
  pitch: 24.44999
logoutlocation:
  world: world
  x: 253.9814054530263
  y: 78.0
  z: 148.1353700746825
  yaw: 58.50009
  pitch: -9.299957
homes:
  home:
    world: world
    x: -2091.4570325211216
    y: 67.0
    z: -538.3079519115194
    yaw: -49.512726
    pitch: 21.149935
afk: false
