uuid: 81e35ce1-0165-4eca-9135-6f5c7cc3ea76
timestamps:
  login: 1526486957425
  logout: 1526493758701
  lastteleport: 1526145974720
ipAddress: 213.157.27.40
lastlocation:
  world: DIM-112
  x: -546.8689256702686
  y: 65.0
  z: 792.1018354490744
  yaw: 163.02588
  pitch: 12.149997
logoutlocation:
  world: world
  x: 78.25191734698801
  y: 55.0
  z: 179.48074357598063
  yaw: 74.40021
  pitch: 22.800037
homes:
  home:
    world: world
    x: -2091.4570325211216
    y: 67.0
    z: -538.3079519115194
    yaw: -49.512726
    pitch: 21.149935
afk: false
