uuid: 81e35ce1-0165-4eca-9135-6f5c7cc3ea76
timestamps:
  login: 1523990398111
  logout: 1523985584136
  lastteleport: 1523741488772
ipAddress: 94.46.73.191
lastlocation:
  world: world
  x: 111.48168790837916
  y: 84.0
  z: 179.12158038494104
  yaw: -22.500916
  pitch: 31.04998
logoutlocation:
  world: world
  x: 69.45887712301152
  y: 71.0
  z: 238.01945087314922
  yaw: 298.05093
  pitch: 31.500053
homes:
  home:
    world: DIM-29
    x: 51.02658424132659
    y: 93.0
    z: 255.8577964489579
    yaw: 166.34962
    pitch: 4.499986
afk: false
