uuid: 81e35ce1-0165-4eca-9135-6f5c7cc3ea76
timestamps:
  login: 1524252143345
  logout: 1524254068873
  lastteleport: 1524244979852
ipAddress: 94.16.79.95
lastlocation:
  world: DIM-112
  x: -546.3969106754107
  y: 65.0
  z: 788.4671852893763
  yaw: 50.55029
  pitch: 35.24996
logoutlocation:
  world: world
  x: 78.2147159493654
  y: 55.0
  z: 178.2675340468989
  yaw: 67.64892
  pitch: 43.95002
homes:
  home:
    world: DIM-29
    x: 51.02658424132659
    y: 93.0
    z: 255.8577964489579
    yaw: 166.34962
    pitch: 4.499986
afk: false
