uuid: 81e35ce1-0165-4eca-9135-6f5c7cc3ea76
timestamps:
  login: 1530029219152
  logout: 1530034330514
  lastteleport: 1526843568159
ipAddress: 94.16.85.203
lastlocation:
  world: world
  x: 74.26741080493875
  y: 54.0
  z: 176.93581402972399
  yaw: 278.6953
  pitch: 24.44999
logoutlocation:
  world: world
  x: -2090.8766739917046
  y: 67.0
  z: -545.3408768589431
  yaw: 86.37726
  pitch: 6.258484
homes:
  home:
    world: world
    x: -2091.4570325211216
    y: 67.0
    z: -538.3079519115194
    yaw: -49.512726
    pitch: 21.149935
afk: false
