uuid: 81e35ce1-0165-4eca-9135-6f5c7cc3ea76
timestamps:
  login: 1529138662431
  logout: 1529148769369
  lastteleport: 1526843568159
ipAddress: 94.16.68.228
lastlocation:
  world: world
  x: 74.26741080493875
  y: 54.0
  z: 176.93581402972399
  yaw: 278.6953
  pitch: 24.44999
logoutlocation:
  world: world
  x: -2097.6196507932577
  y: 68.0
  z: -539.6999999880792
  yaw: -93.97266
  pitch: 39.30005
homes:
  home:
    world: world
    x: -2091.4570325211216
    y: 67.0
    z: -538.3079519115194
    yaw: -49.512726
    pitch: 21.149935
afk: false
