uuid: 81e35ce1-0165-4eca-9135-6f5c7cc3ea76
timestamps:
  login: 1525279563798
  logout: 1525287730565
  lastteleport: 1525284907646
ipAddress: 213.188.115.131
lastlocation:
  world: world
  x: -2025.8767795301537
  y: 64.0
  z: -515.3320831585092
  yaw: -228.91241
  pitch: 16.949978
logoutlocation:
  world: world
  x: 76.96357772982051
  y: 87.5
  z: 200.74115962594044
  yaw: 192.85315
  pitch: 12.0
homes:
  home:
    world: world
    x: -2091.4570325211216
    y: 67.0
    z: -538.3079519115194
    yaw: -49.512726
    pitch: 21.149935
afk: false
