uuid: 81e35ce1-0165-4eca-9135-6f5c7cc3ea76
timestamps:
  login: 1523376370287
  logout: 1523390194555
  lastteleport: 1523287552155
ipAddress: 94.46.81.232
lastlocation:
  world: world
  x: 78.17410196599894
  y: 55.0
  z: 183.30000001192093
  yaw: 178.50014
  pitch: 14.400033
logoutlocation:
  world: world
  x: 95.3177782021073
  y: 71.0
  z: 242.2405697594844
  yaw: -226.05272
  pitch: 33.900005
homes:
  home:
    world: DIM-29
    x: 51.02658424132659
    y: 93.0
    z: 255.8577964489579
    yaw: 166.34962
    pitch: 4.499986
afk: false
