uuid: 81e35ce1-0165-4eca-9135-6f5c7cc3ea76
timestamps:
  login: 1524505245141
  logout: 1524510781113
  lastteleport: 1524506564522
ipAddress: 94.46.79.121
lastlocation:
  world: world
  x: 80.94999998807907
  y: 90.0
  z: 179.30000001192093
  yaw: 19.078238
  pitch: 82.64998
logoutlocation:
  world: world
  x: 76.49598967167795
  y: 55.0
  z: 178.38560252155148
  yaw: -11.70128
  pitch: 46.04999
homes:
  home:
    world: DIM-29
    x: 51.02658424132659
    y: 93.0
    z: 255.8577964489579
    yaw: 166.34962
    pitch: 4.499986
afk: false
