uuid: 81e35ce1-0165-4eca-9135-6f5c7cc3ea76
timestamps:
  login: 1524946070986
  logout: 1524954971728
  lastteleport: 1524954832918
ipAddress: 94.16.94.105
lastlocation:
  world: world
  x: 55.5
  y: 55.0
  z: 167.5
  yaw: 0.0
  pitch: 0.0
logoutlocation:
  world: world
  x: 78.99988113085779
  y: 71.0
  z: 196.98947623377438
  yaw: 138.15263
  pitch: -12.000019
homes:
  home:
    world: DIM-29
    x: 51.02658424132659
    y: 93.0
    z: 255.8577964489579
    yaw: 166.34962
    pitch: 4.499986
afk: false
