uuid: 81e35ce1-0165-4eca-9135-6f5c7cc3ea76
timestamps:
  login: 1526237121611
  logout: 1526239371734
  lastteleport: 1526145974720
ipAddress: 94.16.85.185
lastlocation:
  world: DIM-112
  x: -546.8689256702686
  y: 65.0
  z: 792.1018354490744
  yaw: 163.02588
  pitch: 12.149997
logoutlocation:
  world: world
  x: 76.21935471186735
  y: 55.0
  z: 180.02950109328873
  yaw: 30.220837
  pitch: 46.500027
homes:
  home:
    world: world
    x: -2091.4570325211216
    y: 67.0
    z: -538.3079519115194
    yaw: -49.512726
    pitch: 21.149935
afk: false
