uuid: 81e35ce1-0165-4eca-9135-6f5c7cc3ea76
timestamps:
  login: 1535281456711
  logout: 1535282443483
  lastteleport: 1535282193297
ipAddress: 94.16.70.2
lastlocation:
  world: world
  x: 114.70180091283771
  y: 67.16025663077458
  z: -438.1235182888152
  yaw: 86.54562
  pitch: 3.75016
logoutlocation:
  world: world
  x: -3479.616896021901
  y: 109.91003244736507
  z: -973.150199068413
  yaw: -212.72026
  pitch: 28.200012
homes:
  home:
    world: world
    x: -2091.4570325211216
    y: 67.0
    z: -538.3079519115194
    yaw: -49.512726
    pitch: 21.149935
afk: false
