uuid: 81e35ce1-0165-4eca-9135-6f5c7cc3ea76
timestamps:
  login: 1528207749701
  logout: 1528208771030
  lastteleport: 1526843568159
ipAddress: 46.243.80.25
lastlocation:
  world: world
  x: 74.26741080493875
  y: 54.0
  z: 176.93581402972399
  yaw: 278.6953
  pitch: 24.44999
logoutlocation:
  world: world
  x: -2093.8086451020113
  y: 67.0
  z: -541.0656292880639
  yaw: 270.12723
  pitch: 29.808474
homes:
  home:
    world: world
    x: -2091.4570325211216
    y: 67.0
    z: -538.3079519115194
    yaw: -49.512726
    pitch: 21.149935
afk: false
