uuid: 81e35ce1-0165-4eca-9135-6f5c7cc3ea76
timestamps:
  login: 1525539136322
  logout: 1525544241776
  lastteleport: 1525462976913
ipAddress: 94.46.81.67
lastlocation:
  world: world
  x: -39.60440592775214
  y: 64.73403649194962
  z: 672.8227056429758
  yaw: 236.0589
  pitch: 8.173684
logoutlocation:
  world: world
  x: 77.4589729990488
  y: 55.0
  z: 178.23106163470865
  yaw: -318.34125
  pitch: 18.150002
homes:
  home:
    world: world
    x: -2091.4570325211216
    y: 67.0
    z: -538.3079519115194
    yaw: -49.512726
    pitch: 21.149935
afk: false
