uuid: 81e35ce1-0165-4eca-9135-6f5c7cc3ea76
timestamps:
  login: 1524744413982
  logout: 1524745511936
  lastteleport: 1524506564522
ipAddress: 94.16.68.21
lastlocation:
  world: world
  x: 80.94999998807907
  y: 90.0
  z: 179.30000001192093
  yaw: 19.078238
  pitch: 82.64998
logoutlocation:
  world: world
  x: 93.7345954254458
  y: 71.0
  z: 191.22217775785788
  yaw: 70.65088
  pitch: 26.550013
homes:
  home:
    world: DIM-29
    x: 51.02658424132659
    y: 93.0
    z: 255.8577964489579
    yaw: 166.34962
    pitch: 4.499986
afk: false
