uuid: 81e35ce1-0165-4eca-9135-6f5c7cc3ea76
timestamps:
  login: 1523557719684
  logout: 1523560970147
  lastteleport: 1523467885817
ipAddress: 46.243.81.86
lastlocation:
  world: world
  x: 77.12804963351418
  y: 55.0
  z: 176.14809594881848
  yaw: 235.50021
  pitch: 30.750006
logoutlocation:
  world: world
  x: 75.18566850905626
  y: 55.0
  z: 179.91581911600574
  yaw: -32.547577
  pitch: 4.3500032
homes:
  home:
    world: DIM-29
    x: 51.02658424132659
    y: 93.0
    z: 255.8577964489579
    yaw: 166.34962
    pitch: 4.499986
afk: false
