uuid: 81e35ce1-0165-4eca-9135-6f5c7cc3ea76
timestamps:
  login: 1523649987577
  logout: 1523658643235
  lastteleport: 1523467885817
ipAddress: 134.101.26.151
lastlocation:
  world: world
  x: 77.12804963351418
  y: 55.0
  z: 176.14809594881848
  yaw: 235.50021
  pitch: 30.750006
logoutlocation:
  world: world
  x: 76.41671369371699
  y: 55.000000004768374
  z: 174.42089107031214
  yaw: -200.8499
  pitch: 24.299982
homes:
  home:
    world: DIM-29
    x: 51.02658424132659
    y: 93.0
    z: 255.8577964489579
    yaw: 166.34962
    pitch: 4.499986
afk: false
