uuid: 81e35ce1-0165-4eca-9135-6f5c7cc3ea76
timestamps:
  login: 1523894913588
  logout: 1523908560651
  lastteleport: 1523741488772
ipAddress: 213.188.126.21
lastlocation:
  world: world
  x: 111.48168790837916
  y: 84.0
  z: 179.12158038494104
  yaw: -22.500916
  pitch: 31.04998
logoutlocation:
  world: world
  x: 69.6782041400609
  y: 71.0
  z: 238.76613720190488
  yaw: 238.05109
  pitch: -3.5998964
homes:
  home:
    world: DIM-29
    x: 51.02658424132659
    y: 93.0
    z: 255.8577964489579
    yaw: 166.34962
    pitch: 4.499986
afk: false
