uuid: 81e35ce1-0165-4eca-9135-6f5c7cc3ea76
timestamps:
  login: 1521490293564
  logout: 1521493832815
  lastteleport: 1521490975920
ipAddress: 213.188.115.137
lastlocation:
  world: world
  x: 106.62158585809172
  y: 73.15797598522613
  z: 183.68881949390948
  yaw: 141.45251
  pitch: 53.699947
logoutlocation:
  world: world
  x: 76.29831761754258
  y: 55.0
  z: 179.70459044345367
  yaw: 23.549856
  pitch: 6.150022
homes:
  home:
    world: world
    x: 121.80651105765554
    y: 71.0
    z: 192.65087286380836
    yaw: 32.552162
    pitch: 51.150116
afk: false
