uuid: 81e35ce1-0165-4eca-9135-6f5c7cc3ea76
timestamps:
  login: 1528495250982
  logout: 1528496697802
  lastteleport: 1526843568159
ipAddress: 94.46.77.34
lastlocation:
  world: world
  x: 74.26741080493875
  y: 54.0
  z: 176.93581402972399
  yaw: 278.6953
  pitch: 24.44999
logoutlocation:
  world: world
  x: -2114.5420116111645
  y: 39.0
  z: -513.2111900923246
  yaw: 197.5265
  pitch: 16.34998
homes:
  home:
    world: world
    x: -2091.4570325211216
    y: 67.0
    z: -538.3079519115194
    yaw: -49.512726
    pitch: 21.149935
afk: false
