uuid: 81e35ce1-0165-4eca-9135-6f5c7cc3ea76
timestamps:
  login: 1521386684363
  logout: 1521386700908
  lastteleport: 1521277295328
ipAddress: 94.16.67.132
lastlocation:
  world: world
  x: 101.30000001192093
  y: 57.0
  z: 177.32862460395677
  yaw: -343.0478
  pitch: 15.60009
logoutlocation:
  world: world
  x: 294.1441347359099
  y: 74.91451574807506
  z: -251.88305867854754
  yaw: 273.59216
  pitch: -24.150015
homes:
  home:
    world: world
    x: 121.80651105765554
    y: 71.0
    z: 192.65087286380836
    yaw: 32.552162
    pitch: 51.150116
afk: false
