uuid: 81e35ce1-0165-4eca-9135-6f5c7cc3ea76
timestamps:
  login: 1525464502856
  logout: 1525466355967
  lastteleport: 1525462976913
ipAddress: 94.46.70.64
lastlocation:
  world: world
  x: -39.60440592775214
  y: 64.73403649194962
  z: 672.8227056429758
  yaw: 236.0589
  pitch: 8.173684
logoutlocation:
  world: world
  x: 77.66362509176848
  y: 55.0
  z: 180.22101151651952
  yaw: 50.80586
  pitch: 1.9499956
homes:
  home:
    world: world
    x: -2091.4570325211216
    y: 67.0
    z: -538.3079519115194
    yaw: -49.512726
    pitch: 21.149935
afk: false
