uuid: 81e35ce1-0165-4eca-9135-6f5c7cc3ea76
timestamps:
  login: 1523474487787
  logout: 1523476670826
  lastteleport: 1523467885817
ipAddress: 94.16.79.208
lastlocation:
  world: world
  x: 77.12804963351418
  y: 55.0
  z: 176.14809594881848
  yaw: 235.50021
  pitch: 30.750006
logoutlocation:
  world: world
  x: 70.40758422313195
  y: 71.0
  z: 197.96288089020254
  yaw: -154.94994
  pitch: 7.7999854
homes:
  home:
    world: DIM-29
    x: 51.02658424132659
    y: 93.0
    z: 255.8577964489579
    yaw: 166.34962
    pitch: 4.499986
afk: false
