uuid: 8bf18211-e8c4-4a8f-a005-9b7b7603e584
timestamps:
  login: 1526217388362
  lastteleport: 1523189585669
  logout: 1526217806616
ipAddress: 146.185.68.67
lastlocation:
  world: world
  x: 940.2587187197781
  y: 64.24918707874468
  z: -3467.1854633862695
  yaw: -77.364136
  pitch: 17.999918
logoutlocation:
  world: world
  x: 966.4057681579577
  y: 63.5
  z: -3460.508087469315
  yaw: 107.343735
  pitch: -10.349431
