uuid: 8bf18211-e8c4-4a8f-a005-9b7b7603e584
timestamps:
  login: 1523465231069
  lastteleport: 1523189585669
  logout: 1523466942491
ipAddress: 146.185.68.67
lastlocation:
  world: world
  x: 616.504058886203
  y: 64.0
  z: -1059.9957934912923
  yaw: -0.3
  pitch: 1.9499998
logoutlocation:
  world: world
  x: 985.9268690387389
  y: 16.0
  z: -3468.953758508321
  yaw: -104.07437
  pitch: 16.051117
