uuid: 8bf18211-e8c4-4a8f-a005-9b7b7603e584
timestamps:
  login: 1524257974059
  lastteleport: 1523189585669
  logout: 1524258410793
ipAddress: 146.185.68.67
lastlocation:
  world: world
  x: 940.2587187197781
  y: 64.24918707874468
  z: -3467.1854633862695
  yaw: -77.364136
  pitch: 17.999918
logoutlocation:
  world: world
  x: 951.1180500266981
  y: 64.0
  z: -3459.7544953127135
  yaw: -256.0631
  pitch: 12.300442
