uuid: 8bf18211-e8c4-4a8f-a005-9b7b7603e584
timestamps:
  login: 1523897883367
  lastteleport: 1523189585669
  logout: 1523905843197
ipAddress: 146.185.68.67
lastlocation:
  world: world
  x: 940.2587187197781
  y: 64.24918707874468
  z: -3467.1854633862695
  yaw: -77.364136
  pitch: 17.999918
logoutlocation:
  world: world
  x: 946.4043124033376
  y: 63.0
  z: -3472.1586966588966
  yaw: -239.69678
  pitch: 14.699667
