uuid: 8bf18211-e8c4-4a8f-a005-9b7b7603e584
timestamps:
  login: 1523814199289
  lastteleport: 1523189585669
  logout: 1523820443750
ipAddress: 146.185.68.67
lastlocation:
  world: world
  x: 616.504058886203
  y: 64.0
  z: -1059.9957934912923
  yaw: -0.3
  pitch: 1.9499998
logoutlocation:
  world: world
  x: 946.9027284385563
  y: 64.0
  z: -3473.519281465743
  yaw: -63.86255
  pitch: 14.5507765
