uuid: 8bf18211-e8c4-4a8f-a005-9b7b7603e584
timestamps:
  login: 1524302598051
  lastteleport: 1523189585669
  logout: 1524302793269
ipAddress: 146.185.68.67
lastlocation:
  world: world
  x: 940.2587187197781
  y: 64.24918707874468
  z: -3467.1854633862695
  yaw: -77.364136
  pitch: 17.999918
logoutlocation:
  world: world
  x: 960.4744238976434
  y: 63.5
  z: -3463.4584537281503
  yaw: -271.21335
  pitch: -11.849849
