uuid: af6718ae-82b8-4c41-a28e-a555707fa868
timestamps:
  login: 1526038064671
  lastteleport: 1523710921472
  logout: 1526038382194
ipAddress: 178.113.182.187
lastlocation:
  world: world
  x: -2089.397193407139
  y: 85.61640871607462
  z: -505.5231817860763
  yaw: -136.35988
  pitch: 25.500004
logoutlocation:
  world: world
  x: -306.8650029315851
  y: 77.10306941303357
  z: 4732.62792627311
  yaw: -150.43883
  pitch: 58.500034
afk: false
homes:
  home:
    world: world
    x: 794.8240821138568
    y: 96.0
    z: 786.6904063291272
    yaw: 88.9608
    pitch: 13.799983
  insel:
    world: iceland
    x: 174.56939288118437
    y: 64.0
    z: 240.36634641096376
    yaw: -0.7056416
    pitch: 24.750006
