uuid: af6718ae-82b8-4c41-a28e-a555707fa868
timestamps:
  login: 1532307144788
  lastteleport: 1532315530439
  logout: 1532307124628
ipAddress: 77.116.189.235
lastlocation:
  world: world
  x: 786.6999999880791
  y: 96.0
  z: 788.8794862617679
  yaw: 168.16075
  pitch: 25.199951
logoutlocation:
  world: world
  x: 793.3656630775664
  y: 113.0
  z: 787.7935213637351
  yaw: 219.16168
  pitch: 50.700047
afk: true
homes:
  home:
    world: world
    x: 794.8240821138568
    y: 96.0
    z: 786.6904063291272
    yaw: 88.9608
    pitch: 13.799983
  insel:
    world: iceland
    x: 174.56939288118437
    y: 64.0
    z: 240.36634641096376
    yaw: -0.7056416
    pitch: 24.750006
