uuid: af6718ae-82b8-4c41-a28e-a555707fa868
timestamps:
  login: 1532117246667
  lastteleport: 1532126954105
  logout: 1532093031786
ipAddress: 77.116.189.235
lastlocation:
  world: world
  x: 797.3338061414488
  y: 96.0
  z: 793.0055371226188
  yaw: -37.939205
  pitch: 31.499979
logoutlocation:
  world: world
  x: -12.412131849127237
  y: 64.89265181657193
  z: 58.339960777719
  yaw: 100.65016
  pitch: 19.50001
afk: true
homes:
  home:
    world: world
    x: 794.8240821138568
    y: 96.0
    z: 786.6904063291272
    yaw: 88.9608
    pitch: 13.799983
  insel:
    world: iceland
    x: 174.56939288118437
    y: 64.0
    z: 240.36634641096376
    yaw: -0.7056416
    pitch: 24.750006
