uuid: af6718ae-82b8-4c41-a28e-a555707fa868
timestamps:
  login: 1532396951936
  lastteleport: 1532396642728
  logout: 1532397677830
ipAddress: 77.116.189.235
lastlocation:
  world: world
  x: 68.5
  y: 72.0
  z: 237.5
  yaw: -200.40016
  pitch: 28.199997
logoutlocation:
  world: world
  x: 787.3914850595853
  y: 97.0
  z: 789.3800936696987
  yaw: -285.58984
  pitch: 22.94999
afk: false
homes:
  home:
    world: world
    x: 794.8240821138568
    y: 96.0
    z: 786.6904063291272
    yaw: 88.9608
    pitch: 13.799983
  insel:
    world: iceland
    x: 174.56939288118437
    y: 64.0
    z: 240.36634641096376
    yaw: -0.7056416
    pitch: 24.750006
