uuid: af6718ae-82b8-4c41-a28e-a555707fa868
timestamps:
  login: 1521400044953
  lastteleport: 1521386350321
  logout: 1521400049786
ipAddress: 77.118.191.199
lastlocation:
  world: world
  x: 1106.140823122649
  y: 62.456247338990636
  z: 1834.289412920492
  yaw: -239.27992
  pitch: 56.550003
logoutlocation:
  world: world
  x: 795.9980814505869
  y: 96.0
  z: 791.1713416895068
  yaw: -179.98933
  pitch: 20.849989
afk: false
homes:
  home:
    world: world
    x: 794.8240821138568
    y: 96.0
    z: 786.6904063291272
    yaw: 88.9608
    pitch: 13.799983
