uuid: af6718ae-82b8-4c41-a28e-a555707fa868
timestamps:
  login: 1532219812356
  lastteleport: 1532227427323
  logout: 1532227930388
ipAddress: 77.116.189.235
lastlocation:
  world: world
  x: 793.6761251728699
  y: 89.5
  z: 797.8824866316057
  yaw: -262.48904
  pitch: 34.050003
logoutlocation:
  world: DIM-1
  x: -131.4869236264126
  y: 62.10506460434208
  z: 719.5935856490652
  yaw: 123.15155
  pitch: 45.74985
afk: false
homes:
  home:
    world: world
    x: 794.8240821138568
    y: 96.0
    z: 786.6904063291272
    yaw: 88.9608
    pitch: 13.799983
  insel:
    world: iceland
    x: 174.56939288118437
    y: 64.0
    z: 240.36634641096376
    yaw: -0.7056416
    pitch: 24.750006
