uuid: af6718ae-82b8-4c41-a28e-a555707fa868
timestamps:
  login: 1523710126987
  lastteleport: 1523710921472
  logout: 1523711858998
ipAddress: 77.118.181.27
lastlocation:
  world: world
  x: -2089.397193407139
  y: 85.61640871607462
  z: -505.5231817860763
  yaw: -136.35988
  pitch: 25.500004
logoutlocation:
  world: world
  x: -131.4974656755685
  y: 80.8838619279857
  z: 4272.750068728964
  yaw: 76.061066
  pitch: 56.249985
afk: false
homes:
  home:
    world: world
    x: 794.8240821138568
    y: 96.0
    z: 786.6904063291272
    yaw: 88.9608
    pitch: 13.799983
  insel:
    world: iceland
    x: 174.56939288118437
    y: 64.0
    z: 240.36634641096376
    yaw: -0.7056416
    pitch: 24.750006
