uuid: af6718ae-82b8-4c41-a28e-a555707fa868
timestamps:
  login: 1532033427958
  lastteleport: 1532039978216
  logout: 1532040002431
ipAddress: 77.117.172.47
lastlocation:
  world: world
  x: 796.5912691518093
  y: 96.0
  z: 792.5784907740662
  yaw: -45.589222
  pitch: 18.599981
logoutlocation:
  world: world
  x: 117.90461195569628
  y: 63.0
  z: 270.0028611532096
  yaw: -210.00081
  pitch: 14.09997
afk: false
homes:
  home:
    world: world
    x: 794.8240821138568
    y: 96.0
    z: 786.6904063291272
    yaw: 88.9608
    pitch: 13.799983
  insel:
    world: iceland
    x: 174.56939288118437
    y: 64.0
    z: 240.36634641096376
    yaw: -0.7056416
    pitch: 24.750006
