uuid: af6718ae-82b8-4c41-a28e-a555707fa868
timestamps:
  login: 1521730543137
  lastteleport: 1521494068256
  logout: 1521730724464
ipAddress: 77.118.191.199
lastlocation:
  world: DIM4
  x: 4205.473578681864
  y: 30.37372124836269
  z: 36.78437015473421
  yaw: -257.06598
  pitch: 15.45001
logoutlocation:
  world: world
  x: 795.6856159128628
  y: 96.0
  z: 792.0747116331211
  yaw: -207.14247
  pitch: 3.2999923
afk: false
homes:
  home:
    world: world
    x: 794.8240821138568
    y: 96.0
    z: 786.6904063291272
    yaw: 88.9608
    pitch: 13.799983
  insel:
    world: iceland
    x: 174.56939288118437
    y: 64.0
    z: 240.36634641096376
    yaw: -0.7056416
    pitch: 24.750006
