uuid: af6718ae-82b8-4c41-a28e-a555707fa868
timestamps:
  login: 1521493151236
  lastteleport: 1521494068256
  logout: 1521494908164
ipAddress: 77.118.191.199
lastlocation:
  world: DIM4
  x: 4205.473578681864
  y: 30.37372124836269
  z: 36.78437015473421
  yaw: -257.06598
  pitch: 15.45001
logoutlocation:
  world: world
  x: 797.7847910545133
  y: 96.0
  z: 781.3003623287385
  yaw: 45.757202
  pitch: 4.7999034
afk: false
homes:
  home:
    world: world
    x: 794.8240821138568
    y: 96.0
    z: 786.6904063291272
    yaw: 88.9608
    pitch: 13.799983
  insel:
    world: iceland
    x: 174.56939288118437
    y: 64.0
    z: 240.36634641096376
    yaw: -0.7056416
    pitch: 24.750006
