uuid: af6718ae-82b8-4c41-a28e-a555707fa868
timestamps:
  login: 1523614485709
  lastteleport: 1523614591520
  logout: 1523615213969
ipAddress: 77.118.181.27
lastlocation:
  world: world
  x: 795.7075659364502
  y: 96.0
  z: 789.3010625906065
  yaw: -183.89265
  pitch: 23.549969
logoutlocation:
  world: world
  x: 562.4625886168114
  y: 196.0
  z: -702.1910408145245
  yaw: -254.70166
  pitch: 21.149984
afk: false
homes:
  home:
    world: world
    x: 794.8240821138568
    y: 96.0
    z: 786.6904063291272
    yaw: 88.9608
    pitch: 13.799983
  insel:
    world: iceland
    x: 174.56939288118437
    y: 64.0
    z: 240.36634641096376
    yaw: -0.7056416
    pitch: 24.750006
